0.946875 -0.134685 0.292042 -0.321603 -0.397588 0.859358 0.000369718 -0.907625 -0.419781
0.918816 -0.265497 0.292042 -0.373937 -0.34882 0.859358 -0.126287 -0.898797 -0.419781
0.872778 -0.391114 0.292042 -0.418954 -0.293227 0.859358 -0.250472 -0.872381 -0.419781
0.81017 -0.508267 0.292042 -0.45554 -0.232352 0.859358 -0.368927 -0.829263 -0.419781
0.731318 -0.616348 0.292042 -0.483506 -0.166511 0.859358 -0.481035 -0.769668 -0.419781
0.638156 -0.712368 0.292042 -0.502011 -0.0974117 0.859358 -0.583731 -0.695013 -0.419781
0.5333 -0.793916 0.292042 -0.510666 -0.0269171 0.859358 -0.674397 -0.607432 -0.419781
0.417297 -0.860567 0.292042 -0.509426 0.0446062 0.859358 -0.752561 -0.507381 -0.419781
0.294038 -0.910084 0.292042 -0.498332 0.114758 0.859358 -0.815602 -0.398218 -0.419781
0.164165 -0.942211 0.292042 -0.477443 0.183174 0.859358 -0.863191 -0.28051 -0.419781
0.0310802 -0.9559 0.292042 -0.447211 0.248006 0.859358 -0.893889 -0.157313 -0.419781
-0.101662 -0.950987 0.292042 -0.408535 0.307576 0.859358 -0.907063 -0.0319452 -0.419781
-0.233371 -0.927496 0.292042 -0.361618 0.361575 0.859358 -0.902646 0.0949418 -0.419781
-0.360514 -0.885856 0.292042 -0.307625 0.408499 0.859358 -0.880566 0.219971 -0.419781
-0.479774 -0.827362 0.292042 -0.248059 0.447181 0.859358 -0.841596 0.339854 -0.419781
-0.590533 -0.752318 0.292042 -0.183231 0.477421 0.859358 -0.785937 0.453968 -0.419781
-0.689073 -0.663242 0.292042 -0.115316 0.498203 0.859358 -0.715458 0.558483 -0.419781
-0.774882 -0.560597 0.292042 -0.0446665 0.50942 0.859358 -0.630526 0.652856 -0.419781
-0.845528 -0.446983 0.292042 0.0268566 0.510669 0.859358 -0.533255 0.734454 -0.419781
-0.899304 -0.325522 0.292042 0.0973522 0.502023 0.859358 -0.426351 0.801255 -0.419781
-0.935929 -0.196845 0.292042 0.166454 0.483526 0.859358 -0.31037 0.852909 -0.419781
-0.954241 -0.0643165 0.292042 0.232298 0.455568 0.859358 -0.188316 0.887875 -0.419781
-0.953948 0.0685165 0.292042 0.293177 0.418988 0.859358 -0.0634819 0.905403 -0.419781
-0.935054 0.200963 0.292042 0.348776 0.373978 0.859358 0.0634819 0.905403 -0.419781
-0.898191 0.328579 0.292042 0.397228 0.322047 0.859358 0.188316 0.887875 -0.419781
-0.843552 0.450701 0.292042 0.438281 0.263466 0.859358 0.31037 0.852909 -0.419781
-0.772407 0.564003 0.292042 0.470757 0.199729 0.859358 0.426351 0.801255 -0.419781
-0.686813 0.665582 0.292042 0.49389 0.132578 0.859358 0.533255 0.734454 -0.419781
-0.587216 0.75491 0.292042 0.507558 0.0623619 0.859358 0.630526 0.652856 -0.419781
-0.476128 0.829466 0.292042 0.511294 -0.00907451 0.859358 0.715458 0.558483 -0.419781
-0.356611 0.887435 0.292042 0.505106 -0.0798283 0.859358 0.785937 0.453968 -0.419781
-0.229286 0.928515 0.292042 0.489024 -0.149531 0.859358 0.841596 0.339854 -0.419781
-0.0984263 0.951327 0.292042 0.46359 -0.215845 0.859358 0.880566 0.219971 -0.419781
0.0352879 0.955754 0.292042 0.428934 -0.278424 0.859358 0.902646 0.0949418 -0.419781
0.168312 0.941479 0.292042 0.385885 -0.335554 0.859358 0.907063 -0.0319452 -0.419781
0.297133 0.909078 0.292042 0.335672 -0.385783 0.859358 0.893889 -0.157313 -0.419781
0.421081 0.858721 0.292042 0.278554 -0.42885 0.859358 0.863191 -0.28051 -0.419781
0.53679 0.791561 0.292042 0.215986 -0.463524 0.859358 0.815602 -0.398218 -0.419781
0.641286 0.709552 0.292042 0.14968 -0.488979 0.859358 0.752561 -0.507381 -0.419781
0.734024 0.613123 0.292042 0.0799817 -0.505081 0.859358 0.674397 -0.607432 -0.419781
0.811895 0.505508 0.292042 0.00922986 -0.511292 0.859358 0.583731 -0.695013 -0.419781
0.874491 0.387268 0.292042 -0.0622077 -0.507577 0.859358 0.481035 -0.769668 -0.419781
0.919976 0.26145 0.292042 -0.132428 -0.49393 0.859358 0.368927 -0.829263 -0.419781
0.947327 0.131463 0.292042 -0.199586 -0.470818 0.859358 0.250472 -0.872381 -0.419781
0.956403 -0.00201647 0.292042 -0.263333 -0.438361 0.859358 0.126287 -0.898797 -0.419781
0.893466 0.220786 -0.391117 0.449131 -0.438527 0.778444 0.00035487 -0.871176 -0.490971
0.915533 0.0939493 -0.391117 0.383543 -0.496909 0.778444 -0.121215 -0.862702 -0.490971
0.919686 -0.0347263 -0.391117 0.310451 -0.545568 0.778444 -0.240413 -0.837347 -0.490971
0.906004 -0.161816 -0.391117 0.231866 -0.58332 0.778444 -0.354111 -0.79596 -0.490971
0.874559 -0.28666 -0.391117 0.148199 -0.609968 0.778444 -0.461717 -0.738759 -0.490971
0.826001 -0.405894 -0.391117 0.0616325 -0.624681 0.778444 -0.560289 -0.667101 -0.490971
0.761797 -0.516424 -0.391117 -0.0255133 -0.627195 0.778444 -0.647314 -0.583038 -0.490971
0.68228 -0.617675 -0.391117 -0.112784 -0.617498 0.778444 -0.722339 -0.487005 -0.490971
0.590119 -0.706249 -0.391117 -0.197253 -0.595916 0.778444 -0.782848 -0.382226 -0.490971
0.485793 -0.781686 -0.391117 -0.278479 -0.56256 0.778444 -0.828526 -0.269245 -0.490971
0.371961 -0.841827 -0.391117 -0.354256 -0.518196 0.778444 -0.857991 -0.150996 -0.490971
0.251736 -0.885244 -0.391117 -0.422636 -0.464115 0.778444 -0.870636 -0.0306623 -0.490971
0.125743 -0.911711 -0.391117 -0.483265 -0.400598 0.778444 -0.866397 0.091129 -0.490971
-0.00271002 -0.920337 -0.391117 -0.534438 -0.329243 0.778444 -0.845203 0.211137 -0.490971
-0.130199 -0.911085 -0.391117 -0.574901 -0.252019 0.778444 -0.807798 0.326206 -0.490971
-0.256061 -0.884003 -0.391117 -0.604443 -0.16933 0.778444 -0.754375 0.435737 -0.490971
-0.376072 -0.839998 -0.391117 -0.622075 -0.0839495 0.778444 -0.686726 0.536055 -0.490971
-0.489609 -0.779302 -0.391117 -0.627703 0.00367814 0.778444 -0.605204 0.626638 -0.490971
-0.593565 -0.703355 -0.391117 -0.621048 0.0912338 0.778444 -0.51184 0.704959 -0.490971
-0.685292 -0.614331 -0.391117 -0.602418 0.176402 0.778444 -0.409229 0.769077 -0.490971
-0.764312 -0.512693 -0.391117 -0.571908 0.258739 0.778444 -0.297906 0.818657 -0.490971
-0.828377 -0.401022 -0.391117 -0.530207 0.336013 0.778444 -0.180753 0.852218 -0.490971
-0.87595 -0.282381 -0.391117 -0.478538 0.406234 0.778444 -0.0609325 0.869043 -0.490971
-0.906784 -0.157385 -0.391117 -0.417168 0.469036 0.778444 0.0609325 0.869043 -0.490971
-0.919845 -0.0302294 -0.391117 -0.348158 0.522312 0.778444 0.180753 0.852218 -0.490971
-0.915063 0.0984244 -0.391117 -0.271867 0.565785 0.778444 0.297906 0.818657 -0.490971
-0.892376 0.225152 -0.391117 -0.190256 0.598187 0.778444 0.409229 0.769077 -0.490971
-0.852573 0.346622 -0.391117 -0.10554 0.618778 0.778444 0.51184 0.704959 -0.490971
-0.795863 0.462201 -0.391117 -0.0181614 0.627451 0.778444 0.605204 0.626638 -0.490971
-0.723579 0.568736 -0.391117 0.0695727 0.623846 0.778444 0.686726 0.536055 -0.490971
-0.6378 0.663505 -0.391117 0.155337 0.60819 0.778444 0.754375 0.435737 -0.490971
-0.538973 0.746014 -0.391117 0.238686 0.580563 0.778444 0.807798 0.326206 -0.490971
-0.430412 0.813494 -0.391117 0.316823 0.541893 0.778444 0.845203 0.211137 -0.490971
-0.312683 0.865596 -0.391117 0.38934 0.492381 0.778444 0.866397 0.091129 -0.490971
-0.188836 0.90076 -0.391117 0.454239 0.433233 0.778444 0.870636 -0.0306623 -0.490971
-0.0622118 0.918236 -0.391117 0.509884 0.366119 0.778444 0.857991 -0.150996 -0.490971
0.0665304 0.917933 -0.391117 0.555985 0.291386 0.778444 0.828526 -0.269245 -0.490971
0.193971 0.899668 -0.391117 0.591206 0.210951 0.778444 0.782848 -0.382226 -0.490971
0.316751 0.864116 -0.391117 0.614731 0.127003 0.778444 0.722339 -0.487005 -0.490971
0.434234 0.811461 -0.391117 0.626439 0.039979 0.778444 0.647314 -0.583038 -0.490971
0.542476 0.74347 -0.391117 0.625936 -0.0472015 0.778444 0.560289 -0.667101 -0.490971
0.640914 0.660497 -0.391117 0.613226 -0.134085 0.778444 0.461717 -0.738759 -0.490971
0.726812 0.5646 -0.391117 0.588515 -0.218344 0.778444 0.354111 -0.79596 -0.490971
0.798028 0.458452 -0.391117 0.552587 -0.297779 0.778444 0.240413 -0.837347 -0.490971
0.854194 0.342608 -0.391117 0.505627 -0.371975 0.778444 0.121215 -0.862702 -0.490971
0.0629785 0.449518 -0.891049 0.998015 -0.0280409 0.0563926 0.000363692 -0.892831 -0.450391
0.125089 0.436332 -0.891049 0.984337 -0.167033 0.0563926 -0.124228 -0.884146 -0.450391
0.184753 0.414607 -0.891049 0.951398 -0.302756 0.0563926 -0.246389 -0.858161 -0.450391
0.240416 0.38501 -0.891049 0.900274 -0.431655 0.0563926 -0.362914 -0.815746 -0.450391
0.291789 0.347695 -0.891049 0.831232 -0.553059 0.0563926 -0.473195 -0.757123 -0.450391
0.337453 0.303576 -0.891049 0.745923 -0.66364 0.0563926 -0.574216 -0.683684 -0.450391
0.376259 0.253893 -0.891049 0.64678 -0.760589 0.0563926 -0.663404 -0.59753 -0.450391
0.408007 0.198904 -0.891049 0.534317 -0.843401 0.0563926 -0.740295 -0.499111 -0.450391
0.43163 0.140456 -0.891049 0.412308 -0.909298 0.0563926 -0.802308 -0.391727 -0.450391
0.447007 0.0788503 -0.891049 0.281387 -0.957936 0.0563926 -0.849121 -0.275938 -0.450391
0.453636 0.0157021 -0.891049 0.144961 -0.987829 0.0563926 -0.879318 -0.154749 -0.450391
0.451437 -0.047302 -0.891049 0.00669631 -0.998386 0.0563926 -0.892278 -0.0314244 -0.450391
0.440419 -0.109834 -0.891049 -0.132687 -0.989552 0.0563926 -0.887933 0.0933943 -0.450391
0.420784 -0.170217 -0.891049 -0.269474 -0.961355 0.0563926 -0.866213 0.216385 -0.450391
0.393141 -0.226876 -0.891049 -0.400074 -0.914746 0.0563926 -0.827878 0.334315 -0.450391
0.357636 -0.279516 -0.891049 -0.523806 -0.849969 0.0563926 -0.773126 0.446568 -0.450391
0.315458 -0.326372 -0.891049 -0.636519 -0.769196 0.0563926 -0.703796 0.54938 -0.450391
0.266829 -0.367199 -0.891049 -0.737628 -0.672849 0.0563926 -0.620248 0.642215 -0.450391
0.212978 -0.40084 -0.891049 -0.824302 -0.563335 0.0563926 -0.524563 0.722483 -0.450391
0.155387 -0.426483 -0.891049 -0.894403 -0.443692 0.0563926 -0.419402 0.788194 -0.450391
0.0943536 -0.443993 -0.891049 -0.947567 -0.314543 0.0563926 -0.305311 0.839007 -0.450391
0.0314743 -0.452816 -0.891049 -0.982188 -0.179239 0.0563926 -0.185246 0.873402 -0.450391
-0.0315682 -0.452809 -0.891049 -0.997549 -0.0414254 0.0563926 -0.0624472 0.890645 -0.450391
-0.0944457 -0.443974 -0.891049 -0.99357 0.098181 0.0563926 0.0624472 0.890645 -0.450391
-0.155049 -0.426606 -0.891049 -0.970383 0.234896 0.0563926 0.185246 0.873402 -0.450391
-0.213061 -0.400796 -0.891049 -0.928111 0.368008 0.0563926 0.305311 0.839007 -0.450391
-0.266905 -0.367143 -0.891049 -0.867677 0.493919 0.0563926 0.419402 0.788194 -0.450391
-0.3152 -0.326622 -0.891049 -0.790875 0.609374 0.0563926 0.524563 0.722483 -0.450391
-0.357694 -0.279442 -0.891049 -0.698103 0.713773 0.0563926 0.620248 0.642215 -0.450391
-0.393188 -0.226794 -0.891049 -0.591671 0.804205 0.0563926 0.703796 0.54938 -0.450391
-0.420819 -0.17013 -0.891049 -0.474539 0.878426 0.0563926 0.773126 0.446568 -0.450391
-0.440442 -0.109743 -0.891049 -0.347318 0.93605 0.0563926 0.827878 0.334315 -0.450391
-0.451399 -0.0476598 -0.891049 -0.214275 0.975144 0.0563926 0.866213 0.216385 -0.450391
-0.453633 0.0157961 -0.891049 -0.0761044 0.995504 0.0563926 0.887933 0.0933943 -0.450391
-0.446991 0.078943 -0.891049 0.0635559 0.996384 0.0563926 0.892278 -0.0314244 -0.450391
-0.431742 0.140113 -0.891049 0.200995 0.977968 0.0563926 0.879318 -0.154749 -0.450391
-0.407966 0.198989 -0.891049 0.335497 0.940352 0.0563926 0.849121 -0.275938 -0.450391
-0.376206 0.253971 -0.891049 0.463434 0.884335 0.0563926 0.802308 -0.391727 -0.450391
-0.33739 0.303646 -0.891049 0.581491 0.811596 0.0563926 0.740295 -0.499111 -0.450391
-0.291717 0.347755 -0.891049 0.689055 0.722512 0.0563926 0.663404 -0.59753 -0.450391
-0.240721 0.38482 -0.891049 0.782515 0.620073 0.0563926 0.574216 -0.683684 -0.450391
-0.184667 0.414645 -0.891049 0.861386 0.504812 0.0563926 0.473195 -0.757123 -0.450391
-0.124999 0.436357 -0.891049 0.923401 0.379672 0.0563926 0.362914 -0.815746 -0.450391
-0.0633348 0.449468 -0.891049 0.967099 0.24807 0.0563926 0.246389 -0.858161 -0.450391
4.99693e-06 0.453908 -0.891049 0.992254 0.110691 0.0563926 0.124228 -0.884146 -0.450391
-0.758189 -0.423812 0.495512 -0.652034 0.49245 -0.576493 0.000309657 -0.760182 -0.649711
-0.809911 -0.313866 0.495512 -0.576937 0.578619 -0.576493 -0.105771 -0.752787 -0.649711
-0.845785 -0.197777 0.495512 -0.49055 0.653465 -0.576493 -0.209783 -0.730662 -0.649711
-0.86503 -0.0786837 0.495512 -0.395279 0.71513 -0.576493 -0.308995 -0.694549 -0.649711
-0.867546 0.0427951 0.495512 -0.29162 0.763291 -0.576493 -0.402891 -0.644635 -0.649711
-0.853086 0.163437 0.495512 -0.182255 0.796517 -0.576493 -0.488904 -0.582108 -0.649711
-0.822214 0.280058 0.495512 -0.0701374 0.814086 -0.576493 -0.564841 -0.508754 -0.649711
-0.775089 0.392052 0.495512 0.044149 0.815909 -0.576493 -0.630308 -0.424957 -0.649711
-0.713294 0.495661 0.495512 0.15677 0.801922 -0.576493 -0.683107 -0.333527 -0.649711
-0.637149 0.590347 0.495512 0.267139 0.7722 -0.576493 -0.722965 -0.234941 -0.649711
-0.548536 0.673481 0.495512 0.37228 0.727368 -0.576493 -0.748676 -0.131758 -0.649711
-0.449933 0.742986 0.495512 0.469468 0.668772 -0.576493 -0.759711 -0.0267557 -0.649711
-0.341852 0.798502 0.495512 0.558197 0.596717 -0.576493 -0.756011 0.0795185 -0.649711
-0.227082 0.838392 0.495512 0.636004 0.512986 -0.576493 -0.737518 0.184237 -0.649711
-0.10873 0.861769 0.495512 0.700945 0.419919 -0.576493 -0.704878 0.284645 -0.649711
0.0125879 0.86851 0.495512 0.752684 0.317998 -0.576493 -0.658262 0.380221 -0.649711
0.132801 0.858389 0.495512 0.789484 0.210644 -0.576493 -0.599232 0.467758 -0.649711
0.251284 0.831459 0.495512 0.811154 0.0984165 -0.576493 -0.528097 0.5468 -0.649711
0.36485 0.788259 0.495512 0.816951 -0.0157374 -0.576493 -0.446628 0.615142 -0.649711
0.470546 0.730105 0.495512 0.806891 -0.128776 -0.576493 -0.35709 0.671091 -0.649711
0.567824 0.657301 0.495512 0.781026 -0.240113 -0.576493 -0.25995 0.714354 -0.649711
0.65399 0.571634 0.495512 0.739879 -0.34675 -0.576493 -0.157724 0.743639 -0.649711
0.726884 0.475508 0.495512 0.684699 -0.445918 -0.576493 -0.0531693 0.75832 -0.649711
0.786126 0.369424 0.495512 0.615775 -0.5371 -0.576493 0.0531693 0.75832 -0.649711
0.829728 0.256941 0.495512 0.53542 -0.617237 -0.576493 0.157724 0.743639 -0.649711
0.857465 0.138644 0.495512 0.44405 -0.685912 -0.576493 0.25995 0.714354 -0.649711
0.868422 0.0176346 0.495512 0.343991 -0.741166 -0.576493 0.35709 0.671091 -0.649711
0.862489 -0.102858 0.495512 0.237983 -0.781678 -0.576493 0.446628 0.615142 -0.649711
0.839698 -0.222206 0.495512 0.126576 -0.807239 -0.576493 0.528097 0.5468 -0.649711
0.800475 -0.337206 0.495512 0.0126933 -0.817004 -0.576493 0.599232 0.467758 -0.649711
0.746033 -0.444862 0.495512 -0.100627 -0.810882 -0.576493 0.658262 0.380221 -0.649711
0.676657 -0.544613 0.495512 -0.212796 -0.788907 -0.576493 0.704878 0.284645 -0.649711
0.594673 -0.633113 0.495512 -0.320049 -0.751814 -0.576493 0.737518 0.184237 -0.649711
0.500508 -0.709901 0.495512 -0.421828 -0.699798 -0.576493 0.756011 0.0795185 -0.649711
0.396549 -0.772798 0.495512 -0.515353 -0.634088 -0.576493 0.759711 -0.0267557 -0.649711
0.285651 -0.820287 0.495512 -0.598237 -0.556569 -0.576493 0.748676 -0.131758 -0.649711
0.168391 -0.852122 0.495512 -0.670049 -0.467643 -0.576493 0.722965 -0.234941 -0.649711
0.0478357 -0.867283 0.495512 -0.72875 -0.369567 -0.576493 0.683107 -0.333527 -0.649711
-0.0727902 -0.865546 0.495512 -0.772926 -0.265033 -0.576493 0.630308 -0.424957 -0.649711
-0.192859 -0.84692 0.495512 -0.802347 -0.154583 -0.576493 0.564841 -0.508754 -0.649711
-0.308342 -0.81203 0.495512 -0.816026 -0.0419247 -0.576493 0.488904 -0.582108 -0.649711
-0.418638 -0.761058 0.495512 -0.813892 0.0723563 -0.576493 0.402891 -0.644635 -0.649711
-0.520743 -0.695194 0.495512 -0.795832 0.185221 -0.576493 0.308995 -0.694549 -0.649711
-0.612041 -0.616338 0.495512 -0.762494 0.2937 -0.576493 0.209783 -0.730662 -0.649711
-0.692059 -0.524902 0.495512 -0.71405 0.397227 -0.576493 0.105771 -0.752787 -0.649711
-0.804836 -0.578554 -0.132342 0.593497 -0.784537 -0.179617 9.08816e-05 -0.223106 0.974794
-0.877695 -0.460584 -0.132342 0.478214 -0.85968 -0.179617 -0.031043 -0.220936 0.974794
-0.933379 -0.333601 -0.132342 0.353572 -0.918 -0.179617 -0.0615694 -0.214443 0.974794
-0.970598 -0.201061 -0.132342 0.222971 -0.958135 -0.179617 -0.0906872 -0.203844 0.974794
-0.989158 -0.0636541 -0.132342 0.0870879 -0.979874 -0.179617 -0.118245 -0.189195 0.974794
-0.988363 0.0749989 -0.132342 -0.0504988 -0.98244 -0.179617 -0.143489 -0.170843 0.974794
-0.968439 0.211216 -0.132342 -0.186132 -0.965967 -0.179617 -0.165776 -0.149315 0.974794
-0.92949 0.344288 -0.132342 -0.319105 -0.930543 -0.179617 -0.18499 -0.124721 0.974794
-0.872823 0.469751 -0.132342 -0.444956 -0.877355 -0.179617 -0.200486 -0.0978872 0.974794
-0.798732 0.586952 -0.132342 -0.563032 -0.80668 -0.179617 -0.212184 -0.0689531 0.974794
-0.709013 0.692666 -0.132342 -0.67009 -0.720221 -0.179617 -0.21973 -0.0386697 0.974794
-0.606203 0.784221 -0.132342 -0.763415 -0.620431 -0.179617 -0.222968 -0.00785254 0.974794
-0.49084 0.86114 -0.132342 -0.842523 -0.507832 -0.179617 -0.221882 0.023338 0.974794
-0.365871 0.921208 -0.132342 -0.905144 -0.385295 -0.179617 -0.216455 0.0540718 0.974794
-0.234706 0.963015 -0.132342 -0.949798 -0.256168 -0.179617 -0.206875 0.0835407 0.974794
-0.0980277 0.986345 -0.132342 -0.976251 -0.121124 -0.179617 -0.193194 0.111591 0.974794
0.0395787 0.990414 -0.132342 -0.983618 0.0153063 -0.179617 -0.175869 0.137283 0.974794
0.177397 0.975201 -0.132342 -0.971858 0.152414 -0.179617 -0.154992 0.160481 0.974794
0.311744 0.940905 -0.132342 -0.941081 0.286538 -0.179617 -0.131081 0.180539 0.974794
0.439102 0.888637 -0.132342 -0.892304 0.414164 -0.179617 -0.104803 0.196959 0.974794
0.558809 0.818669 -0.132342 -0.82578 0.534627 -0.179617 -0.0762931 0.209656 0.974794
0.667581 0.732681 -0.132342 -0.743097 0.644628 -0.179617 -0.0462905 0.218251 0.974794
0.762657 0.633119 -0.132342 -0.646615 0.741369 -0.179617 -0.0156047 0.22256 0.974794
0.843543 0.520501 -0.132342 -0.536835 0.824346 -0.179617 0.0156047 0.22256 0.974794
0.907524 0.398605 -0.132342 -0.417442 0.890775 -0.179617 0.0462905 0.218251 0.974794
0.954267 0.268067 -0.132342 -0.289056 0.940311 -0.179617 0.0762931 0.209656 0.974794
0.982338 0.132283 -0.132342 -0.155014 0.971447 -0.179617 0.104803 0.196959 0.974794
0.991191 -0.00509893 -0.132342 -0.0189224 0.983555 -0.179617 0.131081 0.180539 0.974794
0.980782 -0.143363 -0.132342 0.118511 0.976572 -0.179617 0.154992 0.160481 0.974794
0.95118 -0.278822 -0.132342 0.253625 0.95048 -0.179617 0.175869 0.137283 0.974794
0.903375 -0.407921 -0.132342 0.382871 0.906172 -0.179617 0.193194 0.111591 0.974794
0.837614 -0.52999 -0.132342 0.505575 0.843879 -0.179617 0.206875 0.0835407 0.974794
0.756103 -0.640932 -0.132342 0.617621 0.765691 -0.179617 0.216455 0.0540718 0.974794
0.659268 -0.74017 -0.132342 0.718425 0.672015 -0.179617 0.221882 0.023338 0.974794
0.549532 -0.824924 -0.132342 0.805171 0.565189 -0.179617 0.222968 -0.00785254 0.974794
0.429936 -0.893107 -0.132342 0.875713 0.448179 -0.179617 0.21973 -0.0386697 0.974794
0.301103 -0.944364 -0.132342 0.929686 0.321594 -0.179617 0.212184 -0.0689531 0.974794
0.166377 -0.977141 -0.132342 0.965466 0.188716 -0.179617 0.200486 -0.0978872 0.974794
0.029387 -0.990768 -0.132342 0.982301 0.0531281 -0.179617 0.18499 -0.124721 0.974794
-0.109155 -0.985176 -0.132342 0.980104 -0.084465 -0.179617 0.165776 -0.149315 0.974794
-0.244601 -0.96055 -0.132342 0.958948 -0.219447 -0.179617 0.143489 -0.170843 0.974794
-0.376246 -0.917019 -0.132342 0.918943 -0.351114 -0.179617 0.118245 -0.189195 0.974794
-0.500529 -0.855545 -0.132342 0.860957 -0.475911 -0.179617 0.0906872 -0.203844 0.974794
-0.614239 -0.777943 -0.132342 0.786714 -0.590609 -0.179617 0.0615694 -0.214443 0.974794
-0.716786 -0.684619 -0.132342 0.696602 -0.694611 -0.179617 0.031043 -0.220936 0.974794
-0.325971 0.561608 -0.760486 0.94538 0.193923 -0.262013 0.000327652 -0.804357 -0.594146
-0.244413 0.6016 -0.760486 0.963191 0.0601048 -0.262013 -0.111918 -0.796533 -0.594146
-0.158072 0.62982 -0.760486 0.962154 -0.0748899 -0.262013 -0.221974 -0.773122 -0.594146
-0.0692844 0.645647 -0.760486 0.942498 -0.207477 -0.262013 -0.326951 -0.73491 -0.594146
0.021489 0.648998 -0.760486 0.904325 -0.336966 -0.262013 -0.426304 -0.682096 -0.594146
0.111842 0.63965 -0.760486 0.848456 -0.459861 -0.262013 -0.517315 -0.615935 -0.594146
0.199389 0.617984 -0.760486 0.776557 -0.572982 -0.262013 -0.597665 -0.538319 -0.594146
0.283673 0.584115 -0.760486 0.689004 -0.675739 -0.262013 -0.666936 -0.449652 -0.594146
0.361868 0.539177 -0.760486 0.588733 -0.764685 -0.262013 -0.722804 -0.352909 -0.594146
0.433566 0.483406 -0.760486 0.476266 -0.839357 -0.262013 -0.764978 -0.248594 -0.594146
0.49678 0.418175 -0.760486 0.35448 -0.897604 -0.262013 -0.792183 -0.139414 -0.594146
0.549928 0.345311 -0.760486 0.226695 -0.938061 -0.262013 -0.803859 -0.0283105 -0.594146
0.592733 0.265194 -0.760486 0.0935772 -0.960517 -0.262013 -0.799944 0.0841395 -0.594146
0.62394 0.179888 -0.760486 -0.0413719 -0.964177 -0.262013 -0.780377 0.194943 -0.594146
0.642846 0.0917041 -0.760486 -0.174562 -0.949146 -0.262013 -0.74584 0.301186 -0.594146
0.649353 0.00110216 -0.760486 -0.305301 -0.9155 -0.262013 -0.696514 0.402316 -0.594146
0.643243 -0.0888781 -0.760486 -0.429202 -0.86437 -0.262013 -0.634054 0.49494 -0.594146
0.624547 -0.177769 -0.760486 -0.545619 -0.796021 -0.262013 -0.558785 0.578575 -0.594146
0.59363 -0.263181 -0.760486 -0.65136 -0.712095 -0.262013 -0.472582 0.650889 -0.594146
0.55144 -0.342891 -0.760486 -0.743741 -0.614979 -0.262013 -0.377841 0.710089 -0.594146
0.498196 -0.416486 -0.760486 -0.82228 -0.505178 -0.262013 -0.275057 0.755867 -0.594146
0.435204 -0.481931 -0.760486 -0.884729 -0.385492 -0.262013 -0.166889 0.786853 -0.594146
0.364234 -0.537582 -0.760486 -0.929607 -0.259192 -0.262013 -0.056259 0.802387 -0.594146
0.285654 -0.583148 -0.760486 -0.95668 -0.126936 -0.262013 0.056259 0.802387 -0.594146
0.202102 -0.617102 -0.760486 -0.96504 0.00683876 -0.262013 0.166889 0.786853 -0.594146
0.114013 -0.639266 -0.760486 -0.954644 0.141437 -0.262013 0.275057 0.755867 -0.594146
0.023692 -0.648921 -0.760486 -0.925567 0.273267 -0.262013 0.377841 0.710089 -0.594146
-0.0664464 -0.645945 -0.760486 -0.878778 0.398871 -0.262013 0.472582 0.650889 -0.594146
-0.155933 -0.630353 -0.760486 -0.814521 0.517596 -0.262013 0.558785 0.578575 -0.594146
-0.242369 -0.602426 -0.760486 -0.734324 0.626193 -0.262013 0.634054 0.49494 -0.594146
-0.323499 -0.563035 -0.760486 -0.640481 0.721896 -0.262013 0.696514 0.402316 -0.594146
-0.398902 -0.512384 -0.760486 -0.533479 0.804207 -0.262013 0.74584 0.301186 -0.594146
-0.466047 -0.452173 -0.760486 -0.416908 0.870366 -0.262013 0.780377 0.194943 -0.594146
-0.524585 -0.382716 -0.760486 -0.291376 0.920027 -0.262013 0.799944 0.0841395 -0.594146
-0.572858 -0.305769 -0.760486 -0.160142 0.951685 -0.262013 0.803859 -0.0283105 -0.594146
-0.609697 -0.223449 -0.760486 -0.0267385 0.964694 -0.262013 0.792183 -0.139414 -0.594146
-0.634913 -0.136183 -0.760486 0.10814 0.958987 -0.262013 0.764978 -0.248594 -0.594146
-0.647704 -0.0462532 -0.760486 0.240901 0.934514 -0.262013 0.722804 -0.352909 -0.594146
-0.647866 0.0439342 -0.760486 0.368058 0.892123 -0.262013 0.666936 -0.449652 -0.594146
-0.635396 0.13391 -0.760486 0.488946 0.832034 -0.262013 0.597665 -0.538319 -0.594146
-0.610714 0.220654 -0.760486 0.599511 0.756265 -0.262013 0.517315 -0.615935 -0.594146
-0.573949 0.303716 -0.760486 0.699177 0.665208 -0.262013 0.426304 -0.682096 -0.594146
-0.525952 0.380835 -0.760486 0.785161 0.561134 -0.262013 0.326951 -0.73491 -0.594146
-0.468113 0.450034 -0.760486 0.855335 0.446936 -0.262013 0.221974 -0.773122 -0.594146
-0.400734 0.510953 -0.760486 0.909333 0.323207 -0.262013 0.111918 -0.796533 -0.594146
-0.444013 0.606854 -0.659227 0.89602 0.300966 -0.326446 0.000299655 -0.735627 -0.677386
-0.354986 0.662876 -0.659227 0.929251 0.172988 -0.326446 -0.102355 -0.728472 -0.677386
-0.259013 0.705926 -0.659227 0.944299 0.0416244 -0.326446 -0.203007 -0.707062 -0.677386
-0.158707 0.735004 -0.659227 0.940958 -0.0896123 -0.326446 -0.299014 -0.672115 -0.677386
-0.0545896 0.749959 -0.659227 0.919247 -0.22004 -0.326446 -0.389878 -0.623814 -0.677386
0.0505961 0.750239 -0.659227 0.879548 -0.346162 -0.326446 -0.473112 -0.563305 -0.677386
0.154056 0.735993 -0.659227 0.823103 -0.464687 -0.326446 -0.546596 -0.492321 -0.677386
0.255251 0.707295 -0.659227 0.750206 -0.574999 -0.326446 -0.609949 -0.411231 -0.677386
0.350787 0.665107 -0.659227 0.663303 -0.673396 -0.326446 -0.661043 -0.322754 -0.677386
0.440166 0.60965 -0.659227 0.562845 -0.759367 -0.326446 -0.699613 -0.227352 -0.677386
0.520932 0.542263 -0.659227 0.451374 -0.830478 -0.326446 -0.724494 -0.127502 -0.677386
0.59104 0.464856 -0.659227 0.331955 -0.885008 -0.326446 -0.735172 -0.0258914 -0.677386
0.650125 0.377832 -0.659227 0.205211 -0.922671 -0.326446 -0.731592 0.07695 -0.677386
0.696488 0.283415 -0.659227 0.0744508 -0.942279 -0.326446 -0.713696 0.178286 -0.677386
0.729038 0.184181 -0.659227 -0.0568228 -0.943506 -0.326446 -0.682111 0.275451 -0.677386
0.747606 0.0806472 -0.659227 -0.187927 -0.926346 -0.326446 -0.636999 0.36794 -0.677386
0.75157 -0.0237137 -0.659227 -0.314462 -0.891373 -0.326446 -0.579877 0.452649 -0.677386
0.740907 -0.128358 -0.659227 -0.43577 -0.838771 -0.326446 -0.511039 0.529138 -0.677386
0.715747 -0.230491 -0.659227 -0.548551 -0.769756 -0.326446 -0.432201 0.595273 -0.677386
0.676908 -0.327436 -0.659227 -0.649913 -0.686328 -0.326446 -0.345556 0.649414 -0.677386
0.624594 -0.418691 -0.659227 -0.739326 -0.588923 -0.326446 -0.251554 0.69128 -0.677386
0.560057 -0.501752 -0.659227 -0.814273 -0.479993 -0.326446 -0.152629 0.719619 -0.677386
0.485137 -0.57451 -0.659227 -0.872923 -0.362543 -0.326446 -0.0514519 0.733826 -0.677386
0.400221 -0.636586 -0.659227 -0.914973 -0.237186 -0.326446 0.0514519 0.733826 -0.677386
0.30816 -0.685898 -0.659227 -0.939011 -0.108126 -0.326446 0.152629 0.719619 -0.677386
0.209433 -0.722189 -0.659227 -0.944912 0.0239644 -0.326446 0.251554 0.69128 -0.677386
0.106607 -0.744348 -0.659227 -0.932323 0.155586 -0.326446 0.345556 0.649414 -0.677386
0.00244729 -0.75194 -0.659227 -0.901774 0.283261 -0.326446 0.432201 0.595273 -0.677386
-0.102505 -0.744924 -0.659227 -0.853424 0.406326 -0.326446 0.511039 0.529138 -0.677386
-0.205451 -0.723332 -0.659227 -0.788374 0.52144 -0.326446 0.579877 0.452649 -0.677386
-0.303689 -0.68789 -0.659227 -0.708523 0.625642 -0.326446 0.636999 0.36794 -0.677386
-0.396708 -0.638782 -0.659227 -0.614287 0.71839 -0.326446 0.682111 0.275451 -0.677386
-0.481387 -0.577656 -0.659227 -0.508827 0.796573 -0.326446 0.713696 0.178286 -0.677386
-0.557285 -0.50483 -0.659227 -0.392692 0.859782 -0.326446 0.731592 0.07695 -0.677386
-0.622278 -0.422125 -0.659227 -0.268873 0.906168 -0.326446 0.735172 -0.0258914 -0.677386
-0.674762 -0.331835 -0.659227 -0.140728 0.934681 -0.326446 0.724494 -0.127502 -0.677386
-0.714466 -0.23443 -0.659227 -0.0089229 0.945174 -0.326446 0.699613 -0.227352 -0.677386
-0.740189 -0.132438 -0.659227 0.123057 0.937171 -0.326446 0.661043 -0.322754 -0.677386
-0.751399 -0.0286053 -0.659227 0.251718 0.911082 -0.326446 0.609949 -0.411231 -0.677386
-0.748039 0.0765272 -0.659227 0.37639 0.867043 -0.326446 0.546596 -0.492321 -0.677386
-0.730221 0.179432 -0.659227 0.492891 0.80653 -0.326446 0.473112 -0.563305 -0.677386
-0.698038 0.279574 -0.659227 0.600614 0.72986 -0.326446 0.389878 -0.623814 -0.677386
-0.652196 0.374245 -0.659227 0.696585 0.638907 -0.326446 0.299014 -0.672115 -0.677386
-0.594053 0.460999 -0.659227 0.778389 0.536231 -0.326446 0.203007 -0.707062 -0.677386
-0.523912 0.539385 -0.659227 0.8456 0.422366 -0.326446 0.102355 -0.728472 -0.677386
-0.557355 0.815545 -0.155699 0.830274 0.547484 -0.104429 7.6368e-05 -0.187477 -0.982269
-0.438098 0.885341 -0.155699 0.898549 0.426269 -0.104429 -0.0260855 -0.185653 -0.982269
-0.310268 0.937812 -0.155699 0.94924 0.296712 -0.104429 -0.0517368 -0.180197 -0.982269
-0.177339 0.971755 -0.155699 0.981195 0.16233 -0.104429 -0.0762046 -0.17129 -0.982269
-0.0400025 0.986994 -0.155699 0.994247 0.0238228 -0.104429 -0.0993614 -0.158981 -0.982269
0.0981171 0.98292 -0.155699 0.987844 -0.115151 -0.104429 -0.120574 -0.14356 -0.982269
0.233357 0.959845 -0.155699 0.962361 -0.250909 -0.104429 -0.139302 -0.125469 -0.982269
0.365014 0.91789 -0.155699 0.917933 -0.382745 -0.104429 -0.155447 -0.104803 -0.982269
0.488669 0.858464 -0.155699 0.856049 -0.506235 -0.104429 -0.168469 -0.0822548 -0.982269
0.603681 0.781874 -0.155699 0.777032 -0.620738 -0.104429 -0.178298 -0.0579414 -0.982269
0.70688 0.689985 -0.155699 0.68281 -0.723094 -0.104429 -0.184639 -0.0324942 -0.982269
0.795661 0.58539 -0.155699 0.576038 -0.810725 -0.104429 -0.187361 -0.0065985 -0.982269
0.869564 0.468633 -0.155699 0.45727 -0.883175 -0.104429 -0.186448 0.0196109 -0.982269
0.92645 0.342706 -0.155699 0.329555 -0.938343 -0.104429 -0.181887 0.0454366 -0.982269
0.964998 0.211039 -0.155699 0.196367 -0.974954 -0.104429 -0.173838 0.0701994 -0.982269
0.985005 0.0743152 -0.155699 0.0583975 -0.992816 -0.104429 -0.162341 0.0937704 -0.982269
0.985801 -0.0628769 -0.155699 -0.0797232 -0.991332 -0.104429 -0.147783 0.115359 -0.982269
0.967382 -0.199823 -0.155699 -0.217277 -0.970508 -0.104429 -0.13024 0.134852 -0.982269
0.930033 -0.33286 -0.155699 -0.350579 -0.930693 -0.104429 -0.110148 0.151707 -0.982269
0.874945 -0.458508 -0.155699 -0.476147 -0.873143 -0.104429 -0.0880659 0.165505 -0.982269
0.802402 -0.576115 -0.155699 -0.59333 -0.798157 -0.104429 -0.0641092 0.176175 -0.982269
0.714159 -0.682448 -0.155699 -0.698902 -0.707553 -0.104429 -0.038898 0.183397 -0.982269
0.612716 -0.774814 -0.155699 -0.790195 -0.603893 -0.104429 -0.0131127 0.187018 -0.982269
0.498601 -0.852734 -0.155699 -0.866732 -0.487719 -0.104429 0.0131127 0.187018 -0.982269
0.375643 -0.913592 -0.155699 -0.925948 -0.362926 -0.104429 0.038898 0.183397 -0.982269
0.244483 -0.957072 -0.155699 -0.967532 -0.230166 -0.104429 0.0641092 0.176175 -0.982269
0.108538 -0.981824 -0.155699 -0.990184 -0.0929016 -0.104429 0.0880659 0.165505 -0.982269
-0.0285435 -0.987392 -0.155699 -0.993505 0.0451872 -0.104429 0.110148 0.151707 -0.982269
-0.166048 -0.973748 -0.155699 -0.977479 0.183382 -0.104429 0.13024 0.134852 -0.982269
-0.300303 -0.94105 -0.155699 -0.942326 0.317988 -0.104429 0.147783 0.115359 -0.982269
-0.427792 -0.890366 -0.155699 -0.889179 0.445483 -0.104429 0.162341 0.0937704 -0.982269
-0.547851 -0.821959 -0.155699 -0.818315 0.565203 -0.104429 0.173838 0.0701994 -0.982269
-0.656452 -0.738125 -0.155699 -0.732112 0.673132 -0.104429 0.181887 0.0454366 -0.982269
-0.753029 -0.6393 -0.155699 -0.631018 0.768707 -0.104429 0.186448 0.0196109 -0.982269
-0.834872 -0.527965 -0.155699 -0.517576 0.84924 -0.104429 0.187361 -0.0065985 -0.982269
-0.89997 -0.407199 -0.155699 -0.39492 0.912761 -0.104429 0.184639 -0.0324942 -0.982269
-0.947987 -0.27763 -0.155699 -0.263686 0.958939 -0.104429 0.178298 -0.0579414 -0.982269
-0.977453 -0.142629 -0.155699 -0.127293 0.986352 -0.104429 0.168469 -0.0822548 -0.982269
-0.987787 -0.00582451 -0.155699 0.0105965 0.994476 -0.104429 0.155447 -0.104803 -0.982269
-0.978936 0.132071 -0.155699 0.149265 0.983267 -0.104429 0.139302 -0.125469 -0.982269
-0.951195 0.266432 -0.155699 0.28406 0.953103 -0.104429 0.120574 -0.14356 -0.982269
-0.90471 0.396558 -0.155699 0.41428 0.904139 -0.104429 0.0993614 -0.158981 -0.982269
-0.840521 0.518924 -0.155699 0.536393 0.837483 -0.104429 0.0762046 -0.17129 -0.982269
-0.760516 0.630376 -0.155699 0.647255 0.755087 -0.104429 0.0517368 -0.180197 -0.982269
-0.665111 0.730333 -0.155699 0.746289 0.657379 -0.104429 0.0260855 -0.185653 -0.982269
0.843911 -0.433502 0.316053 -0.536482 -0.682182 0.496804 0.000239852 -0.588816 -0.808267
0.775162 -0.547023 0.316053 -0.626427 -0.600645 0.496804 -0.0819276 -0.583088 -0.808267
0.691245 -0.649839 0.316053 -0.704114 -0.507355 0.496804 -0.162492 -0.565951 -0.808267
0.594541 -0.739346 0.316053 -0.767618 -0.404904 0.496804 -0.239339 -0.537978 -0.808267
0.485553 -0.815076 0.316053 -0.81661 -0.293827 0.496804 -0.312068 -0.499317 -0.808267
0.367064 -0.874857 0.316053 -0.849621 -0.177 0.496804 -0.378691 -0.450884 -0.808267
0.24231 -0.917277 0.316053 -0.865951 -0.0575752 0.496804 -0.43751 -0.394067 -0.808267
0.11194 -0.942115 0.316053 -0.865513 0.0638256 0.496804 -0.488219 -0.32916 -0.808267
-0.0196725 -0.948538 0.316053 -0.848321 0.183129 0.496804 -0.529116 -0.258341 -0.808267
-0.151842 -0.936512 0.316053 -0.814467 0.299715 0.496804 -0.559989 -0.181979 -0.808267
-0.28104 -0.906161 0.316053 -0.764675 0.410436 0.496804 -0.579904 -0.102056 -0.808267
-0.403881 -0.858482 0.316053 -0.700433 0.512425 0.496804 -0.588451 -0.0207242 -0.808267
-0.519724 -0.793724 0.316053 -0.622074 0.605152 0.496804 -0.585585 0.0615928 -0.808267
-0.625398 -0.713434 0.316053 -0.531543 0.686037 0.496804 -0.571261 0.142705 -0.808267
-0.718214 -0.619902 0.316053 -0.431364 0.753067 0.496804 -0.545979 0.220478 -0.808267
-0.79769 -0.513615 0.316053 -0.322058 0.805893 0.496804 -0.509871 0.294509 -0.808267
-0.86116 -0.398139 0.316053 -0.207293 0.842743 0.496804 -0.464148 0.362312 -0.808267
-0.908292 -0.274075 0.316053 -0.0876661 0.863424 0.496804 -0.409049 0.423536 -0.808267
-0.93765 -0.144648 0.316053 0.0336764 0.867209 0.496804 -0.345945 0.476472 -0.808267
-0.948648 -0.0133384 0.316053 0.153506 0.854179 0.496804 -0.276592 0.519808 -0.808267
-0.941228 0.119169 0.316053 0.271199 0.824401 0.496804 -0.20135 0.553319 -0.808267
-0.915389 0.249345 0.316053 0.383585 0.778491 0.496804 -0.122168 0.576002 -0.808267
-0.872013 0.37377 0.316053 0.487747 0.717836 0.496804 -0.0411834 0.587374 -0.808267
-0.811324 0.491797 0.316053 0.583144 0.642751 0.496804 0.0411834 0.587374 -0.808267
-0.735359 0.599464 0.316053 0.666575 0.555755 0.496804 0.122168 0.576002 -0.808267
-0.644513 0.696214 0.316053 0.737605 0.457302 0.496804 0.20135 0.553319 -0.808267
-0.541055 0.779339 0.316053 0.794201 0.3499 0.496804 0.276592 0.519808 -0.808267
-0.427857 0.846787 0.316053 0.835021 0.236486 0.496804 0.345945 0.476472 -0.808267
-0.305508 0.898207 0.316053 0.859851 0.117651 0.496804 0.409049 0.423536 -0.808267
-0.17718 0.93205 0.316053 0.867856 -0.00348643 0.496804 0.464148 0.362312 -0.808267
-0.0463331 0.94761 0.316053 0.859002 -0.123697 0.496804 0.509871 0.294509 -0.808267
0.0863526 0.944804 0.316053 0.833337 -0.242354 0.496804 0.545979 0.220478 -0.808267
0.216425 0.923727 0.316053 0.79172 -0.355478 0.496804 0.571261 0.142705 -0.808267
0.343207 0.884488 0.316053 0.73437 -0.462479 0.496804 0.585585 0.0615928 -0.808267
0.463273 0.827942 0.316053 0.662649 -0.56043 0.496804 0.588451 -0.0207242 -0.808267
0.573519 0.755769 0.316053 0.578608 -0.646837 0.496804 0.579904 -0.102056 -0.808267
0.67337 0.668344 0.316053 0.482686 -0.721249 0.496804 0.559989 -0.181979 -0.808267
0.760045 0.567841 0.316053 0.377318 -0.781548 0.496804 0.529116 -0.258341 -0.808267
0.83139 0.457057 0.316053 0.265393 -0.826288 0.496804 0.488219 -0.32916 -0.808267
0.887035 0.336571 0.316053 0.147493 -0.855238 0.496804 0.43751 -0.394067 -0.808267
0.925112 0.210424 0.316053 0.0275752 -0.867424 0.496804 0.378691 -0.450884 -0.808267
0.945424 0.0792717 0.316053 -0.0937377 -0.862786 0.496804 0.312068 -0.499317 -0.808267
0.947236 -0.0534313 0.316053 -0.213216 -0.841264 0.496804 0.239339 -0.537978 -0.808267
0.930697 -0.184158 0.316053 -0.327719 -0.803608 0.496804 0.162492 -0.565951 -0.808267
0.895893 -0.312229 0.316053 -0.436651 -0.750014 0.496804 0.0819276 -0.583088 -0.808267
0.448632 -0.0657114 -0.891298 0.893717 0.0334394 0.447384 0.000406238 -0.997278 0.0737294
0.435073 -0.127672 -0.891298 0.889639 -0.0915998 0.447384 -0.138761 -0.987578 0.0737294
0.413 -0.187134 -0.891298 0.868152 -0.214847 0.447384 -0.275213 -0.958552 0.0737294
0.383089 -0.242552 -0.891298 0.830012 -0.333059 0.447384 -0.405369 -0.911175 0.0737294
0.345494 -0.293636 -0.891298 0.775415 -0.445623 0.447384 -0.528551 -0.845694 0.0737294
0.301139 -0.338974 -0.891298 0.705644 -0.549467 0.447384 -0.64139 -0.763664 0.0737294
0.251269 -0.377429 -0.891298 0.622708 -0.641936 0.447384 -0.741012 -0.667432 0.0737294
0.196143 -0.408799 -0.891298 0.527038 -0.72255 0.447384 -0.826897 -0.557499 0.0737294
0.137611 -0.432032 -0.891298 0.421843 -0.788604 0.447384 -0.896165 -0.437553 0.0737294
0.0759773 -0.447008 -0.891298 0.307672 -0.839753 0.447384 -0.948454 -0.308218 0.0737294
0.0128571 -0.453236 -0.891298 0.18748 -0.874471 0.447384 -0.982184 -0.172852 0.0737294
-0.0500641 -0.450646 -0.891298 0.0645109 -0.892012 0.447384 -0.99666 -0.0351006 0.0737294
-0.112459 -0.439251 -0.891298 -0.0605944 -0.892287 0.447384 -0.991807 0.10432 0.0737294
-0.172653 -0.41926 -0.891298 -0.184514 -0.875101 0.447384 -0.967546 0.241699 0.0737294
-0.229077 -0.391295 -0.891298 -0.303982 -0.841096 0.447384 -0.924726 0.373424 0.0737294
-0.281439 -0.355501 -0.891298 -0.418377 -0.790448 0.447384 -0.86357 0.49881 0.0737294
-0.32798 -0.313078 -0.891298 -0.523861 -0.724857 0.447384 -0.786129 0.613649 0.0737294
-0.368459 -0.264247 -0.891298 -0.619884 -0.644664 0.447384 -0.692807 0.717344 0.0737294
-0.401728 -0.210246 -0.891298 -0.703778 -0.551856 0.447384 -0.585928 0.807002 0.0737294
-0.426983 -0.152558 -0.891298 -0.773451 -0.449023 0.447384 -0.468465 0.8804 0.0737294
-0.444094 -0.0914824 -0.891298 -0.828541 -0.3367 0.447384 -0.341028 0.937158 0.0737294
-0.452515 -0.0286171 -0.891298 -0.867419 -0.217788 0.447384 -0.206917 0.975576 0.0737294
-0.452115 0.0343561 -0.891298 -0.889228 -0.0955044 0.447384 -0.0697525 0.994836 0.0737294
-0.442897 0.0971095 -0.891298 -0.893855 0.0295157 0.447384 0.0697525 0.994836 0.0737294
-0.425171 0.157538 -0.891298 -0.881144 0.153077 0.447384 0.206917 0.975576 0.0737294
-0.399028 0.215326 -0.891298 -0.851162 0.274537 0.447384 0.341028 0.937158 0.0737294
-0.365076 0.268901 -0.891298 -0.804525 0.390625 0.447384 0.468465 0.8804 0.0737294
-0.324298 0.31689 -0.891298 -0.742643 0.498326 0.447384 0.585928 0.807002 0.0737294
-0.276906 0.359043 -0.891298 -0.665839 0.597081 0.447384 0.692807 0.717344 0.0737294
-0.224094 0.39417 -0.891298 -0.576006 0.684153 0.447384 0.786129 0.613649 0.0737294
-0.16732 0.421417 -0.891298 -0.475659 0.757361 0.447384 0.86357 0.49881 0.0737294
-0.106877 0.440642 -0.891298 -0.36532 0.816326 0.447384 0.924726 0.373424 0.0737294
-0.0447937 0.4512 -0.891298 -0.248693 0.859069 0.447384 0.967546 0.241699 0.0737294
0.0186065 0.453037 -0.891298 -0.126382 0.885367 0.447384 0.991807 0.10432 0.0737294
0.0816426 0.446008 -0.891298 -0.00159877 0.894341 0.447384 0.99666 -0.0351006 0.0737294
0.142651 0.430394 -0.891298 0.12233 0.885936 0.447384 0.982184 -0.172852 0.0737294
0.201314 0.406277 -0.891298 0.244759 0.860198 0.447384 0.948454 -0.308218 0.0737294
0.256037 0.37421 -0.891298 0.362399 0.817627 0.447384 0.896165 -0.437553 0.0737294
0.305416 0.335126 -0.891298 0.472189 0.75953 0.447384 0.826897 -0.557499 0.0737294
0.349192 0.289229 -0.891298 0.573556 0.686208 0.447384 0.741012 -0.667432 0.0737294
0.385898 0.238058 -0.891298 0.6631 0.600122 0.447384 0.64139 -0.763664 0.0737294
0.415341 0.181879 -0.891298 0.740355 0.501719 0.447384 0.528551 -0.845694 0.0737294
0.436657 0.122142 -0.891298 0.803123 0.393499 0.447384 0.405369 -0.911175 0.0737294
0.449369 0.0604635 -0.891298 0.849897 0.278428 0.447384 0.275213 -0.958552 0.0737294
0.45341 -0.00283443 -0.891298 0.880435 0.157107 0.447384 0.138761 -0.987578 0.0737294
0.782755 0.187886 -0.59329 0.62233 -0.235724 0.746418 0.000388399 -0.953485 -0.301441
0.801315 0.0768193 -0.59329 0.583347 -0.32026 0.746418 -0.132668 -0.94421 -0.301441
0.804194 -0.0357503 -0.59329 0.53295 -0.398528 0.746418 -0.263128 -0.916459 -0.301441
0.791485 -0.146829 -0.59329 0.472592 -0.468526 0.746418 -0.387568 -0.871163 -0.301441
0.763252 -0.255839 -0.59329 0.402589 -0.529889 0.746418 -0.505341 -0.808557 -0.301441
0.720084 -0.359842 -0.59329 0.324707 -0.580883 0.746418 -0.613225 -0.730129 -0.301441
0.663281 -0.456141 -0.59329 0.241093 -0.62027 0.746418 -0.708472 -0.638123 -0.301441
0.59314 -0.544234 -0.59329 0.152179 -0.647844 0.746418 -0.790586 -0.533017 -0.301441
0.512014 -0.621167 -0.59329 0.060951 -0.66268 0.746418 -0.856812 -0.418338 -0.301441
0.420325 -0.686537 -0.59329 -0.0321178 -0.664702 0.746418 -0.906805 -0.294683 -0.301441
0.320411 -0.738474 -0.59329 -0.124558 -0.653717 0.746418 -0.939054 -0.165262 -0.301441
0.215003 -0.775745 -0.59329 -0.213931 -0.630154 0.746418 -0.952894 -0.0335592 -0.301441
0.10465 -0.798157 -0.59329 -0.299772 -0.594136 0.746418 -0.948254 0.0997389 -0.301441
