-0.63252 0.0115179 -0.774458 0.774544 0.00993169 -0.632442 0.000407299 -0.999884 -0.0152031
-0.616223 0.14312 -0.774458 0.759598 -0.151748 -0.632442 -0.208037 -0.978003 -0.0152031
-0.573119 0.26786 -0.774458 0.711584 -0.306048 -0.632442 -0.406428 -0.913556 -0.0152031
-0.50469 0.381448 -0.774458 0.632152 -0.447661 -0.632442 -0.587939 -0.808762 -0.0152031
-0.414563 0.477861 -0.774458 0.525514 -0.56908 -0.632442 -0.742948 -0.669176 -0.0152031
-0.305841 0.553783 -0.774458 0.395339 -0.666126 -0.632442 -0.866123 -0.4996 -0.0152031
-0.184286 0.605188 -0.774458 0.248527 -0.733656 -0.632442 -0.950933 -0.309024 -0.0152031
-0.0547098 0.630255 -0.774458 0.0908981 -0.769256 -0.632442 -0.994356 -0.104998 -0.0152031
0.0778749 0.627813 -0.774458 -0.0714579 -0.771305 -0.632442 -0.994399 0.104593 -0.0152031
0.20644 0.597994 -0.774458 -0.229934 -0.739694 -0.632442 -0.951059 0.308636 -0.0152031
0.326563 0.541822 -0.774458 -0.37908 -0.675511 -0.632442 -0.865827 0.500113 -0.0152031
0.431874 0.462276 -0.774458 -0.510987 -0.582159 -0.632442 -0.743221 0.668873 -0.0152031
0.518752 0.362091 -0.774458 -0.621118 -0.46285 -0.632442 -0.58746 0.809111 -0.0152031
0.582591 0.24658 -0.774458 -0.703634 -0.323907 -0.632442 -0.4068 0.913391 -0.0152031
0.621194 0.119716 -0.774458 -0.755698 -0.170111 -0.632442 -0.207458 0.978126 -0.0152031
0.632515 -0.0117755 -0.774458 -0.774548 -0.00961618 -0.632442 0 0.999884 -0.0152031
0.616308 -0.142755 -0.774458 -0.759688 0.151298 -0.632442 0.207458 0.978126 -0.0152031
0.573009 -0.268094 -0.774458 -0.711459 0.306338 -0.632442 0.4068 0.913391 -0.0152031
0.504916 -0.381149 -0.774458 -0.632417 0.447287 -0.632442 0.58746 0.809111 -0.0152031
0.414369 -0.47803 -0.774458 -0.525282 0.569294 -0.632442 0.743221 0.668873 -0.0152031
0.306169 -0.553602 -0.774458 -0.395733 0.665892 -0.632442 0.865827 0.500113 -0.0152031
0.184039 -0.605263 -0.774458 -0.248228 0.733757 -0.632442 0.951059 0.308636 -0.0152031
0.0544531 -0.630277 -0.774458 -0.0905847 0.769293 -0.632442 0.994399 0.104593 -0.0152031
-0.0781307 -0.627782 -0.774458 0.071772 0.771275 -0.632442 0.994356 -0.104998 -0.0152031
-0.206684 -0.59791 -0.774458 0.230236 0.7396 -0.632442 0.950933 -0.309024 -0.0152031
-0.326241 -0.542015 -0.774458 0.378679 0.675736 -0.632442 0.866123 -0.4996 -0.0152031
-0.432063 -0.4621 -0.774458 0.511224 0.581951 -0.632442 0.742948 -0.669176 -0.0152031
-0.518538 -0.362399 -0.774458 0.620843 0.463218 -0.632442 0.587939 -0.808762 -0.0152031
-0.582692 -0.246343 -0.774458 0.703766 0.32362 -0.632442 0.406428 -0.913556 -0.0152031
-0.621123 -0.120084 -0.774458 0.755597 0.170559 -0.632442 0.208037 -0.978003 -0.0152031
-0.292662 0.499549 0.815353 -0.956216 -0.153203 -0.249359 0.000347316 -0.852631 0.522514
-0.182096 0.549583 0.815353 -0.967145 0.0494956 -0.249359 -0.1774 -0.833972 0.522514
-0.0641051 0.575405 0.815353 -0.93583 0.249084 -0.249359 -0.346573 -0.779016 0.522514
0.0572521 0.576127 0.815353 -0.863347 0.438694 -0.249359 -0.501353 -0.689656 0.522514
0.175542 0.551711 0.815353 -0.753538 0.608277 -0.249359 -0.633534 -0.570626 0.522514
0.286695 0.502997 0.815353 -0.610182 0.751996 -0.249359 -0.738568 -0.426024 0.522514
0.384819 0.432567 0.815353 -0.440879 0.862233 -0.249359 -0.810889 -0.263513 0.522514
0.466195 0.343311 0.815353 -0.252387 0.934944 -0.249359 -0.847917 -0.0895345 0.522514
0.52752 0.238586 0.815353 -0.0519439 0.967017 -0.249359 -0.847953 0.0891891 0.522514
0.565542 0.123943 0.815353 0.149825 0.956751 -0.249359 -0.810996 0.263183 0.522514
0.578955 0.00332757 0.815353 0.345978 0.9045 -0.249359 -0.738316 0.426461 0.522514
0.567047 -0.116868 0.815353 0.526116 0.813033 -0.249359 -0.633766 0.570368 0.522514
0.530227 -0.232507 0.815353 0.684042 0.685497 -0.249359 -0.500944 0.689953 0.522514
0.470448 -0.337459 0.815353 0.811385 0.528654 -0.249359 -0.34689 0.778875 0.522514
0.389766 -0.428115 0.815353 0.903763 0.347898 -0.249359 -0.176905 0.834077 0.522514
0.292458 -0.499668 0.815353 0.956278 0.152813 -0.249359 0 0.852631 0.522514
0.182422 -0.549475 0.815353 0.967175 -0.0489224 -0.249359 0.176905 0.834077 0.522514
0.0638707 -0.575431 0.815353 0.935728 -0.249465 -0.249359 0.34689 0.778875 0.522514
-0.0569106 -0.576161 0.815353 0.863606 -0.438183 -0.249359 0.500944 0.689953 0.522514
-0.175767 -0.55164 0.815353 0.75329 -0.608584 -0.249359 0.633766 0.570368 0.522514
-0.286397 -0.503167 0.815353 0.610628 -0.751634 -0.249359 0.738316 0.426461 0.522514
-0.384995 -0.432411 0.815353 0.440527 -0.862413 -0.249359 0.810996 0.263183 0.522514
-0.466335 -0.343121 0.815353 0.252006 -0.935047 -0.249359 0.847953 0.0891891 0.522514
-0.527617 -0.238371 0.815353 0.0515499 -0.967038 -0.249359 0.847917 -0.0895345 0.522514
-0.565593 -0.123713 0.815353 -0.150215 -0.95669 -0.249359 0.810889 -0.263513 0.522514
-0.578953 -0.00367069 0.815353 -0.345442 -0.904705 -0.249359 0.738568 -0.426024 0.522514
-0.566999 0.117098 0.815353 -0.526447 -0.812818 -0.249359 0.633534 -0.570626 0.522514
-0.530365 0.232192 0.815353 -0.683636 -0.685902 -0.249359 0.501353 -0.689656 0.522514
-0.470311 0.337651 0.815353 -0.8116 -0.528323 -0.249359 0.346573 -0.779016 0.522514
-0.39002 0.427884 0.815353 -0.903556 -0.348434 -0.249359 0.1774 -0.833972 0.522514
0.888268 -0.403102 0.2202 -0.459325 -0.779745 0.425462 0.000195147 -0.479068 -0.877778
0.784723 -0.579415 0.2202 -0.61178 -0.666864 0.425462 -0.0996756 -0.468584 -0.877778
0.647429 -0.729622 0.2202 -0.736829 -0.525419 0.425462 -0.194729 -0.437706 -0.877778
0.481108 -0.848556 0.2202 -0.83017 -0.360277 0.425462 -0.281695 -0.387497 -0.877778
0.294579 -0.929911 0.2202 -0.886856 -0.180192 0.425462 -0.355964 -0.320618 -0.877778
0.0942583 -0.97089 0.2202 -0.904935 0.00864067 0.425462 -0.41498 -0.23937 -0.877778
-0.109235 -0.969319 0.2202 -0.88345 0.19621 0.425462 -0.455614 -0.14806 -0.877778
-0.307974 -0.925562 0.2202 -0.823515 0.37524 0.425462 -0.476419 -0.0503068 -0.877778
-0.49415 -0.841028 0.2202 -0.7272 0.538666 0.425462 -0.47644 0.0501127 -0.877778
-0.657895 -0.720199 0.2202 -0.599612 0.677825 0.425462 -0.455674 0.147875 -0.877778
-0.793574 -0.567232 0.2202 -0.44514 0.787929 0.425462 -0.414838 0.239616 -0.877778
-0.893995 -0.390236 0.2202 -0.271972 0.863141 0.425462 -0.356094 0.320473 -0.877778
-0.955704 -0.195301 0.2202 -0.0860671 0.900874 0.425462 -0.281466 0.387664 -0.877778
-0.975428 0.00724026 0.2202 0.102721 0.899128 0.425462 -0.194907 0.437627 -0.877778
-0.952489 0.210419 0.2202 0.287896 0.857961 0.425462 -0.0993979 0.468643 -0.877778
-0.888104 0.403464 0.2202 0.459643 0.779558 0.425462 0 0.479068 -0.877778
-0.785066 0.57895 0.2202 0.611384 0.667226 0.425462 0.0993979 0.468643 -0.877778
-0.647131 0.729885 0.2202 0.737043 0.525119 0.425462 0.194907 0.437627 -0.877778
-0.481611 0.84827 0.2202 0.829956 0.360769 0.425462 0.281466 0.387664 -0.877778
-0.2942 0.930031 0.2202 0.886929 0.179831 0.425462 0.356094 0.320473 -0.877778
-0.0948337 0.970834 0.2202 0.90494 -0.00810436 0.425462 0.414838 0.239616 -0.877778
0.10963 0.969275 0.2202 0.88337 -0.19657 0.425462 0.455674 0.147875 -0.877778
0.308351 0.925436 0.2202 0.823362 -0.375576 0.425462 0.47644 0.0501127 -0.877778
0.494493 0.840826 0.2202 0.726981 -0.538962 0.425462 0.476419 -0.0503068 -0.877778
0.658188 0.719931 0.2202 0.599336 -0.678069 0.425462 0.455614 -0.14806 -0.877778
0.793238 0.567702 0.2202 0.445607 -0.787665 0.425462 0.41498 -0.23937 -0.877778
0.894154 0.389872 0.2202 0.271621 -0.863252 0.425462 0.355964 -0.320618 -0.877778
0.955588 0.195867 0.2202 0.086601 -0.900823 0.425462 0.281695 -0.387497 -0.877778
0.975425 -0.00763759 0.2202 -0.103087 -0.899086 0.425462 0.194729 -0.437706 -0.877778
0.952614 -0.209854 0.2202 -0.287388 -0.858132 0.425462 0.0996756 -0.468584 -0.877778
-0.992111 0.0931558 0.083897 -0.125366 -0.738656 -0.662322 0.00027195 -0.667614 0.744507
-0.950896 0.297924 0.083897 -0.276592 -0.696295 -0.662322 -0.138905 -0.653004 0.744507
-0.868389 0.488735 0.083897 -0.415042 -0.623755 -0.662322 -0.271369 -0.609974 0.744507
-0.74743 0.659022 0.083897 -0.535951 -0.523532 -0.662322 -0.392562 -0.540004 0.744507
-0.59443 0.799759 0.083897 -0.632912 -0.400939 -0.662322 -0.49606 -0.446803 0.744507
-0.414653 0.906104 0.083897 -0.702587 -0.260194 -0.662322 -0.578303 -0.333579 0.744507
-0.21763 0.972419 0.083897 -0.741284 -0.108758 -0.662322 -0.63493 -0.206332 0.744507
-0.0111346 0.996412 0.083897 -0.747718 0.0474114 -0.662322 -0.663923 -0.070106 0.744507
0.196822 0.976843 0.083897 -0.721408 0.202239 -0.662322 -0.663952 0.0698356 0.744507
0.395216 0.914749 0.083897 -0.663748 0.347517 -0.662322 -0.635014 0.206074 0.744507
0.577222 0.812266 0.083897 -0.576723 0.478247 -0.662322 -0.578105 0.333921 0.744507
0.733191 0.674827 0.083897 -0.464945 0.587499 -0.662322 -0.496242 0.446601 0.744507
0.857758 0.507161 0.083897 -0.332261 0.671515 -0.662322 -0.392242 0.540236 0.744507
0.944319 0.318155 0.083897 -0.185703 0.72584 -0.662322 -0.271617 0.609863 0.744507
0.989896 0.114313 0.083897 -0.0303149 0.748606 -0.662322 -0.138518 0.653086 0.744507
0.992072 -0.0935599 0.083897 0.125667 0.738605 -0.662322 0 0.667614 0.744507
0.951072 -0.297361 0.083897 0.276179 0.696459 -0.662322 0.138518 0.653086 0.744507
0.86819 -0.489088 0.083897 0.415296 0.623586 -0.662322 0.271617 0.609863 0.744507
0.74782 -0.658579 0.083897 0.535641 0.52385 -0.662322 0.392242 0.540236 0.744507
0.594104 -0.800001 0.083897 0.633075 0.400681 -0.662322 0.496242 0.446601 0.744507
0.41519 -0.905858 0.083897 0.702433 0.260611 -0.662322 0.578105 0.333921 0.744507
0.217234 -0.972508 0.083897 0.741328 0.108456 -0.662322 0.635014 0.206074 0.744507
0.0107288 -0.996417 0.083897 0.747698 -0.0477159 -0.662322 0.663952 0.0698356 0.744507
-0.19722 -0.976763 0.083897 0.721325 -0.202533 -0.662322 0.663923 -0.070106 0.744507
-0.395589 -0.914588 0.083897 0.663607 -0.347787 -0.662322 0.63493 -0.206332 0.744507
-0.57674 -0.812608 0.083897 0.577006 -0.477905 -0.662322 0.578303 -0.333579 0.744507
-0.733466 -0.674528 0.083897 0.464706 -0.587689 -0.662322 0.49606 -0.446803 0.744507
-0.857457 -0.507669 0.083897 0.332659 -0.671318 -0.662322 0.392562 -0.540004 0.744507
-0.944449 -0.317771 0.083897 0.185407 -0.725916 -0.662322 0.271369 -0.609974 0.744507
-0.989828 -0.1149 0.083897 0.0307585 -0.748588 -0.662322 0.138905 -0.653004 0.744507
-0.443525 -0.591221 0.673605 -0.896262 0.292315 -0.333566 0.000306191 -0.751671 -0.659538
-0.557027 -0.485775 0.673605 -0.815636 0.472728 -0.333566 -0.156394 -0.735222 -0.659538
-0.645695 -0.359631 0.673605 -0.699804 0.63167 -0.333566 -0.305536 -0.686774 -0.659538
-0.706478 -0.217129 0.673605 -0.552752 0.763674 -0.333566 -0.441988 -0.607994 -0.659538
-0.736155 -0.0658227 0.673605 -0.382275 0.861742 -0.333566 -0.558518 -0.503059 -0.659538
-0.733703 0.0890821 0.673605 -0.194239 0.922499 -0.333566 -0.651115 -0.375578 -0.659538
-0.699254 0.239374 0.673605 0.00139014 0.942726 -0.333566 -0.714872 -0.232311 -0.659538
-0.634372 0.379247 0.673605 0.196958 0.921923 -0.333566 -0.747516 -0.0789328 -0.659538
-0.541378 0.503157 0.673605 0.384815 0.860611 -0.333566 -0.747548 0.0786283 -0.659538
-0.425201 0.604533 0.673605 0.555002 0.762041 -0.333566 -0.714966 0.23202 -0.659538
-0.289839 0.67989 0.673605 0.701664 0.629604 -0.333566 -0.650892 0.375964 -0.659538
-0.142467 0.725231 0.673605 0.817027 0.47032 -0.333566 -0.558722 0.502831 -0.659538
0.0118446 0.738997 0.673605 0.89712 0.289671 -0.333566 -0.441628 0.608256 -0.659538
0.164915 0.720458 0.673605 0.937699 0.097231 -0.333566 -0.305815 0.686649 -0.659538
0.311479 0.670252 0.673605 0.937368 -0.100378 -0.333566 -0.155958 0.735314 -0.659538
0.443766 0.59104 0.673605 0.896143 -0.29268 -0.333566 0 0.751671 -0.659538
0.556739 0.486105 0.673605 0.815916 -0.472244 -0.333566 0.155958 0.735314 -0.659538
0.645841 0.359368 0.673605 0.699547 -0.631955 -0.333566 0.305815 0.686649 -0.659538
0.706349 0.217548 0.673605 0.553205 -0.763347 -0.333566 0.441628 0.608256 -0.659538
0.736181 0.0655228 0.673605 0.381924 -0.861898 -0.333566 0.558722 0.502831 -0.659538
0.733756 -0.0886473 0.673605 0.194785 -0.922384 -0.333566 0.650892 0.375964 -0.659538
0.699157 -0.239658 0.673605 -0.00177416 -0.942725 -0.333566 0.714966 0.23202 -0.659538
0.634218 -0.379506 0.673605 -0.197334 -0.921842 -0.333566 0.747548 0.0786283 -0.659538
0.541173 -0.503377 0.673605 -0.385166 -0.860454 -0.333566 0.747516 -0.0789328 -0.659538
0.424955 -0.604706 0.673605 -0.555313 -0.761815 -0.333566 0.714872 -0.232311 -0.659538
0.290242 -0.679718 0.673605 -0.701291 -0.63002 -0.333566 0.651115 -0.375578 -0.659538
0.142171 -0.725289 0.673605 -0.817218 -0.469988 -0.333566 0.558518 -0.503059 -0.659538
-0.0114067 -0.739004 0.673605 -0.896948 -0.290202 -0.333566 0.441988 -0.607994 -0.659538
-0.165209 -0.72039 0.673605 -0.937739 -0.096849 -0.333566 0.305536 -0.686774 -0.659538
-0.311081 -0.670436 0.673605 -0.937427 0.0998223 -0.333566 0.156394 -0.735222 -0.659538
0.171131 0.546397 0.819857 -0.985248 0.0946193 0.142595 0.000338979 -0.832165 0.554529
0.281273 0.498719 0.819857 -0.943879 0.297925 0.142595 -0.173141 -0.813953 0.554529
0.378628 0.429507 0.819857 -0.861525 0.48728 0.142595 -0.338254 -0.760317 0.554529
0.459845 0.341142 0.819857 -0.74102 0.656168 0.142595 -0.489319 -0.673101 0.554529
0.520619 0.238309 0.819857 -0.588751 0.795637 0.142595 -0.618327 -0.556929 0.554529
0.558859 0.124546 0.819857 -0.409959 0.900889 0.142595 -0.72084 -0.415798 0.554529
0.572539 0.00588251 0.819857 -0.214119 0.966343 0.142595 -0.791424 -0.257188 0.554529
0.5613 -0.113037 0.819857 -0.00896133 0.989741 0.142595 -0.827564 -0.0873854 0.554529
0.525405 -0.227562 0.819857 0.197557 0.969865 0.142595 -0.827599 0.0870483 0.554529
0.466757 -0.331622 0.819857 0.394487 0.90777 0.142595 -0.791529 0.256866 0.554529
0.387373 -0.421637 0.819857 0.575054 0.805593 0.142595 -0.720594 0.416225 0.554529
0.291461 -0.492834 0.819857 0.729686 0.668749 0.142595 -0.618554 0.556677 0.554529
0.182322 -0.542765 0.819857 0.853063 0.501947 0.142595 -0.48892 0.673391 0.554529
0.0657404 -0.568782 0.819857 0.938644 0.314029 0.142595 -0.338564 0.760179 0.554529
-0.0542721 -0.569991 0.819857 0.983485 0.11146 0.142595 -0.172659 0.814056 0.554529
-0.171354 -0.546327 0.819857 0.98521 -0.0950206 0.142595 0 0.832165 0.554529
-0.280978 -0.498885 0.819857 0.944055 -0.297366 0.142595 0.172659 0.814056 0.554529
-0.378803 -0.429353 0.819857 0.861326 -0.487631 0.142595 0.338564 0.760179 0.554529
-0.459642 -0.341415 0.819857 0.741408 -0.655729 0.142595 0.48892 0.673391 0.554529
-0.520716 -0.238097 0.819857 0.588427 -0.795877 0.142595 0.618554 0.556677 0.554529
-0.558785 -0.124877 0.819857 0.410492 -0.900646 0.142595 0.720594 0.416225 0.554529
-0.572541 -0.00564929 0.819857 0.213726 -0.966431 0.142595 0.791529 0.256866 0.554529
-0.561254 0.113265 0.819857 0.00855816 -0.989744 0.142595 0.827599 0.0870483 0.554529
-0.525312 0.227776 0.819857 -0.197952 -0.969784 0.142595 0.827564 -0.0873854 0.554529
-0.466622 0.331812 0.819857 -0.394857 -0.907609 0.142595 0.791424 -0.257188 0.554529
-0.387623 0.421407 0.819857 -0.574577 -0.805933 0.142595 0.72084 -0.415798 0.554529
-0.29126 0.492953 0.819857 -0.729958 -0.668451 0.142595 0.618327 -0.556929 0.554529
-0.182643 0.542657 0.819857 -0.852765 -0.502452 0.142595 0.489319 -0.673101 0.554529
-0.0655087 0.568809 0.819857 -0.938772 -0.313646 0.142595 0.338254 -0.760317 0.554529
0.0539343 0.570023 0.819857 -0.983419 -0.112043 0.142595 0.173141 -0.813953 0.554529
-0.997129 0.037794 -0.0656173 0.0757225 0.501697 -0.861723 0.000352036 -0.864217 -0.503119
-0.967344 0.244825 -0.0656173 0.178643 0.47489 -0.861723 -0.17981 -0.845305 -0.503119
-0.895497 0.440204 -0.0656173 0.273286 0.427491 -0.861723 -0.351283 -0.789602 -0.503119
-0.784059 0.617208 -0.0656173 0.356397 0.36113 -0.861723 -0.508166 -0.699027 -0.503119
-0.638938 0.766455 -0.0656173 0.42357 0.279326 -0.861723 -0.642143 -0.57838 -0.503119
-0.465126 0.882809 -0.0656173 0.472492 0.184892 -0.861723 -0.748605 -0.431813 -0.503119
-0.271837 0.960104 -0.0656173 0.500572 0.0828349 -0.861723 -0.821908 -0.267094 -0.503119
-0.0667176 0.995612 -0.0656173 0.506866 -0.0228272 -0.861723 -0.859439 -0.0907512 -0.503119
0.142293 0.987647 -0.0656173 0.490972 -0.127987 -0.861723 -0.859476 0.0904011 -0.503119
0.344116 0.936632 -0.0656173 0.453733 -0.22707 -0.861723 -0.822016 0.26676 -0.503119
0.531806 0.84432 -0.0656173 0.39643 -0.316666 -0.861723 -0.748349 0.432257 -0.503119
0.695414 0.715607 -0.0656173 0.322101 -0.392027 -0.861723 -0.642379 0.578119 -0.503119
0.829312 0.55492 -0.0656173 0.233302 -0.45056 -0.861723 -0.507751 0.699328 -0.503119
0.926401 0.370777 -0.0656173 0.134743 -0.489161 -0.861723 -0.351604 0.789459 -0.503119
0.983341 0.169514 -0.0656173 0.029812 -0.506503 -0.861723 -0.179309 0.845411 -0.503119
0.997113 -0.0382002 -0.0656173 -0.0759269 -0.501666 -0.861723 0 0.864217 -0.503119
0.967489 -0.244252 -0.0656173 -0.178361 -0.474996 -0.861723 0.179309 0.845411 -0.503119
0.895318 -0.440569 -0.0656173 -0.27346 -0.42738 -0.861723 0.351604 0.789459 -0.503119
0.784425 -0.616743 -0.0656173 -0.356183 -0.361341 -0.861723 0.507751 0.699328 -0.503119
0.638625 -0.766715 -0.0656173 -0.423683 -0.279153 -0.861723 0.642379 0.578119 -0.503119
0.465649 -0.882534 -0.0656173 -0.472383 -0.185172 -0.861723 0.748349 0.432257 -0.503119
0.271446 -0.960214 -0.0656173 -0.500606 -0.082631 -0.861723 0.822016 0.26676 -0.503119
0.066312 -0.995639 -0.0656173 -0.506856 0.0230337 -0.861723 0.859476 0.0904011 -0.503119
-0.142696 -0.987589 -0.0656173 -0.49092 0.128187 -0.861723 0.859439 -0.0907512 -0.503119
-0.344497 -0.936491 -0.0656173 -0.45364 0.227254 -0.861723 0.821908 -0.267094 -0.503119
-0.531305 -0.844635 -0.0656173 -0.396617 0.316431 -0.861723 0.748605 -0.431813 -0.503119
-0.695706 -0.715324 -0.0656173 -0.321941 0.392158 -0.861723 0.642143 -0.57838 -0.503119
-0.828983 -0.555411 -0.0656173 -0.233569 0.450421 -0.861723 0.508166 -0.699027 -0.503119
-0.926552 -0.3704 -0.0656173 -0.134543 0.489216 -0.861723 0.351283 -0.789602 -0.503119
-0.98324 -0.170097 -0.0656173 -0.0301122 0.506485 -0.861723 0.17981 -0.845305 -0.503119
-0.995488 -0.00673691 -0.0946456 0.0948842 -0.0664071 -0.993271 0.000406438 -0.99777 0.0667467
-0.975023 0.20093 -0.0946456 0.0789565 -0.0847277 -0.993271 -0.207597 -0.975935 0.0667467
-0.912116 0.398857 -0.0946456 0.0596589 -0.099266 -0.993271 -0.405569 -0.911624 0.0667467
-0.808932 0.580234 -0.0946456 0.0376552 -0.109522 -0.993271 -0.586696 -0.807052 0.0667467
-0.67094 0.735446 -0.0946456 0.0141121 -0.114951 -0.993271 -0.741377 -0.667761 0.0667467
-0.502889 0.859153 -0.0946456 -0.0101607 -0.115368 -0.993271 -0.864291 -0.498544 0.0667467
-0.313687 0.944798 -0.0946456 -0.0338762 -0.110749 -0.993271 -0.948922 -0.30837 0.0667467
-0.110833 0.989322 -0.0946456 -0.0561174 -0.10131 -0.993271 -0.992253 -0.104776 0.0667467
0.0978363 0.990692 -0.0946456 -0.0760037 -0.0873862 -0.993271 -0.992296 0.104371 0.0667467
0.301258 0.948834 -0.0946456 -0.0924808 -0.0697152 -0.993271 -0.949047 0.307983 0.0667467
0.492433 0.865189 -0.0946456 -0.104982 -0.0489051 -0.993271 -0.863996 0.499056 0.0667467
0.661228 0.74419 -0.0946456 -0.112844 -0.0260591 -0.993271 -0.741649 0.667459 0.0667467
0.801836 0.590002 -0.0946456 -0.115797 -0.00196306 -0.993271 -0.586217 0.8074 0.0667467
0.906801 0.410796 -0.0946456 -0.113685 0.0221055 -0.993271 -0.40594 0.911459 0.0667467
0.972514 0.21274 -0.0946456 -0.106579 0.0453186 -0.993271 -0.207019 0.976057 0.0667467
0.995491 0.0063314 -0.0946456 -0.0948572 0.0664457 -0.993271 0 0.99777 0.0667467
0.975142 -0.200353 -0.0946456 -0.0790067 0.0846809 -0.993271 0.207019 0.976057 0.0667467
0.911953 -0.399229 -0.0946456 -0.0596184 0.0992903 -0.993271 0.40594 0.911459 0.0667467
0.809275 -0.579755 -0.0946456 -0.0377201 0.109499 -0.993271 0.586217 0.8074 0.0667467
0.670641 -0.73572 -0.0946456 -0.0140652 0.114957 -0.993271 0.741649 0.667459 0.0667467
0.503398 -0.858855 -0.0946456 0.0100923 0.115374 -0.993271 0.863996 0.499056 0.0667467
0.313302 -0.944925 -0.0946456 0.0339213 0.110735 -0.993271 0.949047 0.307983 0.0667467
0.11043 -0.989367 -0.0946456 0.0561587 0.101287 -0.993271 0.992296 0.104371 0.0667467
-0.0982398 -0.990652 -0.0946456 0.0760393 0.0873553 -0.993271 0.992253 -0.104776 0.0667467
-0.301644 -0.948711 -0.0946456 0.0925092 0.0696776 -0.993271 0.948922 -0.30837 0.0667467
-0.49192 -0.865481 -0.0946456 0.104953 0.0489673 -0.993271 0.864291 -0.498544 0.0667467
-0.661531 -0.743921 -0.0946456 0.112855 0.0260131 -0.993271 0.741377 -0.667761 0.0667467
-0.801486 -0.590477 -0.0946456 0.115796 0.00203169 -0.993271 0.586696 -0.807052 0.0667467
-0.906969 -0.410427 -0.0946456 0.113676 -0.0221518 -0.993271 0.405569 -0.911624 0.0667467
-0.972388 -0.213316 -0.0946456 0.106606 -0.0452555 -0.993271 0.207597 -0.975935 0.0667467
0.950681 -0.168876 -0.260165 0.310169 0.518535 0.796817 0.000341443 -0.838214 0.545341
0.894592 -0.363345 -0.260165 0.411448 0.442485 0.796817 -0.1744 -0.81987 0.545341
0.799737 -0.541049 -0.260165 0.494302 0.347488 0.796817 -0.340713 -0.765844 0.545341
0.669381 -0.695876 -0.260165 0.55588 0.236812 0.796817 -0.492876 -0.677994 0.545341
0.510433 -0.819617 -0.260165 0.592918 0.116324 0.796817 -0.622822 -0.560978 0.545341
0.328362 -0.908016 -0.260165 0.604141 -0.00983139 0.796817 -0.72608 -0.41882 0.545341
0.132819 -0.956386 -0.260165 0.588954 -0.134966 0.796817 -0.797177 -0.259058 0.545341
-0.0685036 -0.963131 -0.260165 0.548135 -0.254226 0.796817 -0.83358 -0.0880206 0.545341
-0.267773 -0.927692 -0.260165 0.483097 -0.362905 0.796817 -0.833616 0.0876811 0.545341
-0.454425 -0.851946 -0.260165 0.397288 -0.455242 0.796817 -0.797283 0.258733 0.545341
-0.622038 -0.7385 -0.260165 0.293661 -0.528059 0.796817 -0.725832 0.41925 0.545341
-0.761727 -0.593368 -0.260165 0.177708 -0.577497 0.796817 -0.62305 0.560724 0.545341
-0.868686 -0.421543 -0.260165 0.0534185 -0.601855 0.796817 -0.492474 0.678286 0.545341
-0.937245 -0.232133 -0.260165 -0.0726179 -0.599841 0.796817 -0.341025 0.765705 0.545341
-0.965045 -0.0316551 -0.260165 -0.196065 -0.571525 0.796817 -0.173914 0.819974 0.545341
-0.950613 0.169263 -0.260165 -0.31038 -0.518408 0.796817 0 0.838214 0.545341
-0.894807 0.362814 -0.260165 -0.411186 -0.442729 0.796817 0.173914 0.819974 0.545341
-0.799517 0.541375 -0.260165 -0.494444 -0.347287 0.796817 0.341025 0.765705 0.545341
-0.669793 0.695479 -0.260165 -0.55574 -0.237141 0.796817 0.492474 0.678286 0.545341
-0.510099 0.819825 -0.260165 -0.592965 -0.116082 0.796817 0.62305 0.560724 0.545341
-0.3289 0.907821 -0.260165 -0.604147 0.00947335 0.796817 0.725832 0.41925 0.545341
-0.13243 0.95644 -0.260165 -0.588899 0.135206 0.796817 0.797283 0.258733 0.545341
0.0688959 0.963103 -0.260165 -0.548032 0.254449 0.796817 0.833616 0.0876811 0.545341
0.268151 0.927583 -0.260165 -0.482949 0.363102 0.796817 0.83358 -0.0880206 0.545341
0.454772 0.851761 -0.260165 -0.397103 0.455403 0.796817 0.797177 -0.259058 0.545341
0.6216 0.738869 -0.260165 -0.293973 0.527885 0.796817 0.72608 -0.41882 0.545341
0.761969 0.593058 -0.260165 -0.177472 0.577569 0.796817 0.622822 -0.560978 0.545341
0.868436 0.422057 -0.260165 -0.0537752 0.601823 0.796817 0.492876 -0.677994 0.545341
0.93734 0.231751 -0.260165 0.0728622 0.599812 0.796817 0.340713 -0.765844 0.545341
0.965026 0.0322271 -0.260165 0.195727 0.571642 0.796817 0.1744 -0.81987 0.545341
0.313098 -0.580861 0.751379 -0.949721 -0.191763 0.247502 0.000322249 -0.791092 -0.611697
0.185133 -0.633369 0.751379 -0.968831 0.0104287 0.247502 -0.164596 -0.77378 -0.611697
0.0496916 -0.657998 0.751379 -0.945585 0.211217 0.247502 -0.321559 -0.722791 -0.611697
-0.0885662 -0.653901 0.751379 -0.880781 0.403693 0.247502 -0.465168 -0.63988 -0.611697
-0.222311 -0.621295 0.751379 -0.777855 0.577654 0.247502 -0.587809 -0.529441 -0.611697
-0.346943 -0.561303 0.751379 -0.640349 0.727115 0.247502 -0.685262 -0.395275 -0.611697
-0.455853 -0.477104 0.751379 -0.475551 0.844153 0.247502 -0.752363 -0.244494 -0.611697
-0.544923 -0.372141 0.751379 -0.290056 0.924451 0.247502 -0.786719 -0.0830724 -0.611697
-0.610528 -0.25037 0.751379 -0.0909728 0.964607 0.247502 -0.786752 0.0827519 -0.611697
-0.64919 -0.118249 0.751379 0.111145 0.962491 0.247502 -0.752462 0.244188 -0.611697
-0.659578 0.0196793 0.751379 0.309344 0.918177 0.247502 -0.685028 0.395681 -0.611697
-0.641142 0.156101 0.751379 0.493118 0.834013 0.247502 -0.588024 0.529202 -0.611697
-0.594515 0.286324 0.751379 0.656143 0.712895 0.247502 -0.464789 0.640155 -0.611697
-0.522171 0.403445 0.751379 0.789777 0.561244 0.247502 -0.321854 0.72266 -0.611697
-0.426597 0.503433 0.751379 0.889423 0.384277 0.247502 -0.164137 0.773877 -0.611697
-0.312861 0.580989 0.751379 0.949799 0.191376 0.247502 0 0.791092 -0.611697
-0.185508 0.633259 0.751379 0.968837 -0.0098545 0.247502 0.164137 0.773877 -0.611697
-0.0494236 0.658018 0.751379 0.945499 -0.211602 0.247502 0.321854 0.72266 -0.611697
0.0881786 0.653953 0.751379 0.88102 -0.403171 0.247502 0.464789 0.640155 -0.611697
0.222564 0.621205 0.751379 0.77762 -0.577971 0.247502 0.588024 0.529202 -0.611697
0.34661 0.561508 0.751379 0.64078 -0.726735 0.247502 0.685028 0.395681 -0.611697
0.456047 0.476918 0.751379 0.475207 -0.844347 0.247502 0.752462 0.244188 -0.611697
0.545075 0.371919 0.751379 0.289679 -0.924569 0.247502 0.786752 0.0827519 -0.611697
0.61063 0.250122 0.751379 0.0905798 -0.964644 0.247502 0.786719 -0.0830724 -0.611697
0.649238 0.117984 0.751379 -0.111537 -0.962446 0.247502 0.752363 -0.244494 -0.611697
0.659589 -0.0192884 0.751379 -0.3088 -0.91836 0.247502 0.685262 -0.395275 -0.611697
0.641078 -0.156363 0.751379 -0.493457 -0.833812 0.247502 0.587809 -0.529441 -0.611697
0.594685 -0.285972 0.751379 -0.65572 -0.713284 0.247502 0.465168 -0.63988 -0.611697
0.522007 -0.403657 0.751379 -0.790006 -0.560923 0.247502 0.321559 -0.722791 -0.611697
0.426896 -0.50318 0.751379 -0.889195 -0.384804 0.247502 0.164596 -0.77378 -0.611697
-0.036463 -0.797973 -0.60159 0.999335 -0.0289681 -0.0221463 0.000245221 -0.601997 0.798498
-0.202007 -0.772841 -0.60159 0.971342 -0.236653 -0.0221463 -0.125252 -0.588823 0.798498
-0.357962 -0.71411 -0.60159 0.901103 -0.433039 -0.0221463 -0.244697 -0.550022 0.798498
-0.498961 -0.623801 -0.60159 0.791036 -0.611369 -0.0221463 -0.353979 -0.486929 0.798498
-0.61753 -0.506701 -0.60159 0.646974 -0.762191 -0.0221463 -0.447305 -0.402889 0.798498
-0.709591 -0.366839 -0.60159 0.473874 -0.880314 -0.0221463 -0.521464 -0.300793 0.798498
-0.770262 -0.211629 -0.60159 0.280913 -0.959478 -0.0221463 -0.572525 -0.186053 0.798498
-0.797409 -0.0472087 -0.60159 0.0757259 -0.996883 -0.0221463 -0.598669 -0.0632156 0.798498
-0.789732 0.120056 -0.60159 -0.133748 -0.990768 -0.0221463 -0.598695 0.0629717 0.798498
-0.747637 0.281299 -0.60159 -0.336404 -0.941457 -0.0221463 -0.572601 0.18582 0.798498
-0.672572 0.430971 -0.60159 -0.525269 -0.850648 -0.0221463 -0.521285 0.301102 0.798498
-0.568518 0.561139 -0.60159 -0.690333 -0.723153 -0.0221463 -0.447469 0.402707 0.798498
-0.439053 0.667325 -0.60159 -0.825915 -0.563359 -0.0221463 -0.35369 0.487139 0.798498
-0.291041 0.743898 -0.60159 -0.924829 -0.379738 -0.0221463 -0.244921 0.549922 0.798498
-0.129574 0.788226 -0.60159 -0.983672 -0.178605 -0.0221463 -0.124903 0.588897 0.798498
0.036788 0.797958 -0.60159 -0.999323 0.0293752 -0.0221463 0 0.601997 0.798498
0.201549 0.77296 -0.60159 -0.971482 0.236077 -0.0221463 0.124903 0.588897 0.798498
0.358253 0.713964 -0.60159 -0.900927 0.433406 -0.0221463 0.244921 0.549922 0.798498
0.498591 0.624097 -0.60159 -0.791398 0.6109 -0.0221463 0.35369 0.487139 0.798498
0.617737 0.50645 -0.60159 -0.646663 0.762454 -0.0221463 0.447469 0.402707 0.798498
0.709373 0.36726 -0.60159 -0.474396 0.880033 -0.0221463 0.521285 0.301102 0.798498
0.770348 0.211315 -0.60159 -0.280522 0.959592 -0.0221463 0.572601 0.18582 0.798498
0.797428 0.0468839 -0.60159 -0.0753198 0.996913 -0.0221463 0.598695 0.0629717 0.798498
0.789683 -0.120378 -0.60159 0.134151 0.990713 -0.0221463 0.598669 -0.0632156 0.798498
0.747522 -0.281603 -0.60159 0.336787 0.94132 -0.0221463 0.572525 -0.186053 0.798498
0.672828 -0.430572 -0.60159 0.524765 0.850959 -0.0221463 0.521464 -0.300793 0.798498
0.568289 -0.561371 -0.60159 0.690627 0.722872 -0.0221463 0.447305 -0.402889 0.798498
0.439448 -0.667064 -0.60159 0.825581 0.563849 -0.0221463 0.353979 -0.486929 0.798498
0.290738 -0.744017 -0.60159 0.924984 0.379361 -0.0221463 0.244697 -0.550022 0.798498
0.130041 -0.788149 -0.60159 0.983565 0.179188 -0.0221463 0.125252 -0.588823 0.798498
-0.973677 0.026262 -0.226413 0.227931 0.113949 -0.966987 0.000404552 -0.993139 -0.116936
-0.946812 0.228658 -0.226413 0.246677 0.0639312 -0.966987 -0.206634 -0.971405 -0.116936
-0.878766 0.420128 -0.226413 0.254574 0.0113589 -0.966987 -0.403686 -0.907394 -0.116936
-0.77188 0.594086 -0.226413 0.251349 -0.0419591 -0.966987 -0.583973 -0.803307 -0.116936
-0.631821 0.741309 -0.226413 0.237174 -0.0931964 -0.966987 -0.737937 -0.664662 -0.116936
-0.463408 0.856732 -0.226413 0.212536 -0.14059 -0.966987 -0.86028 -0.49623 -0.116936
-0.275567 0.934238 -0.226413 0.178741 -0.181628 -0.966987 -0.944518 -0.306939 -0.116936
-0.0757332 0.971083 -0.226413 0.137167 -0.214761 -0.966987 -0.987649 -0.104289 -0.116936
0.128362 0.965536 -0.226413 0.0893841 -0.238637 -0.966987 -0.987691 0.103887 -0.116936
0.3259 0.917892 -0.226413 0.0379262 -0.251989 -0.966987 -0.944643 0.306554 -0.116936
0.510084 0.82979 -0.226413 -0.0154367 -0.254359 -0.966987 -0.859986 0.49674 -0.116936
0.67115 0.705899 -0.226413 -0.0678757 -0.245621 -0.966987 -0.738207 0.664361 -0.116936
0.803558 0.550483 -0.226413 -0.117587 -0.226076 -0.966987 -0.583497 0.803653 -0.116936
0.900287 0.371781 -0.226413 -0.161935 -0.196759 -0.966987 -0.404056 0.907229 -0.116936
0.95801 0.175939 -0.226413 -0.199393 -0.15868 -0.966987 -0.206058 0.971528 -0.116936
0.973666 -0.0266587 -0.226413 -0.227978 -0.113856 -0.966987 0 0.99314 -0.116936
0.946947 -0.228097 -0.226413 -0.24664 -0.0640774 -0.966987 0.206058 0.971528 -0.116936
0.878595 -0.420486 -0.226413 -0.254579 -0.0112552 -0.966987 0.404056 0.907229 -0.116936
0.772232 -0.593628 -0.226413 -0.251374 0.0418102 -0.966987 0.583497 0.803653 -0.116936
0.631519 -0.741566 -0.226413 -0.237136 0.093293 -0.966987 0.738207 0.664361 -0.116936
0.463915 -0.856458 -0.226413 -0.212619 0.140464 -0.966987 0.859986 0.49674 -0.116936
0.275186 -0.93435 -0.226413 -0.178667 0.181701 -0.966987 0.944643 0.306554 -0.116936
0.0753376 -0.971113 -0.226413 -0.137079 0.214817 -0.966987 0.987691 0.103887 -0.116936
-0.128756 -0.965484 -0.226413 -0.0892868 0.238673 -0.966987 0.987649 -0.104289 -0.116936
-0.326274 -0.917759 -0.226413 -0.0378236 0.252005 -0.966987 0.944518 -0.306939 -0.116936
-0.509592 -0.830092 -0.226413 0.0152859 0.254368 -0.966987 0.86028 -0.49623 -0.116936
-0.671438 -0.705626 -0.226413 0.0679757 0.245594 -0.966987 0.737937 -0.664662 -0.116936
-0.803231 -0.55096 -0.226413 0.117453 0.226146 -0.966987 0.583973 -0.803307 -0.116936
-0.900438 -0.371414 -0.226413 0.162015 0.196693 -0.966987 0.403686 -0.907394 -0.116936
-0.957905 -0.176507 -0.226413 0.199299 0.158798 -0.966987 0.206634 -0.971405 -0.116936
-0.677609 -0.522134 0.517901 -0.735422 0.480814 -0.477465 0.000286939 -0.704411 -0.709793
-0.771567 -0.369409 0.517901 -0.619035 0.623556 -0.477465 -0.146561 -0.688995 -0.709793
-0.831422 -0.201284 0.517901 -0.476188 0.738426 -0.477465 -0.286325 -0.643593 -0.709793
-0.855116 -0.0235437 0.517901 -0.311794 0.821469 -0.477465 -0.414198 -0.569767 -0.709793
-0.841393 0.15439 0.517901 -0.134569 0.868285 -0.477465 -0.523401 -0.471429 -0.709793
-0.790724 0.326395 0.517901 0.0493898 0.877261 -0.477465 -0.610177 -0.351964 -0.709793
-0.705796 0.483353 0.517901 0.230331 0.847924 -0.477465 -0.669925 -0.217705 -0.709793
-0.590151 0.619274 0.517901 0.401247 0.781683 -0.477465 -0.700516 -0.07397 -0.709793
-0.448092 0.728692 0.517901 0.555382 0.680866 -0.477465 -0.700546 0.0736846 -0.709793
-0.28715 0.805806 0.517901 0.684563 0.550818 -0.477465 -0.670013 0.217432 -0.709793
-0.112864 0.847962 0.517901 0.784347 0.396013 -0.477465 -0.609968 0.352326 -0.709793
0.0655291 0.852927 0.517901 0.849445 0.224657 -0.477465 -0.523593 0.471216 -0.709793
0.241891 0.820529 0.517901 0.877615 0.0426468 -0.477465 -0.413861 0.570012 -0.709793
0.406872 0.752485 0.517901 0.867366 -0.14037 -0.477465 -0.286588 0.643477 -0.709793
0.554796 0.651137 0.517901 0.819049 -0.318098 -0.477465 -0.146152 0.689082 -0.709793
0.677822 0.521858 0.517901 0.735226 -0.481113 -0.477465 0 0.704411 -0.709793
0.771348 0.369866 0.517901 0.619404 -0.623189 -0.477465 0.146152 0.689082 -0.709793
0.831504 0.200945 0.517901 0.475887 -0.73862 -0.477465 0.286588 0.643477 -0.709793
0.855102 0.0240505 0.517901 0.312281 -0.821284 -0.477465 0.413861 0.570012 -0.709793
0.84133 -0.154732 0.517901 0.134215 -0.868339 -0.477465 0.523593 0.471216 -0.709793
0.790918 -0.325926 0.517901 -0.0488698 -0.877291 -0.477465 0.609968 0.352326 -0.709793
0.705599 -0.48364 0.517901 -0.230676 -0.84783 -0.477465 0.670013 0.217432 -0.709793
0.589898 -0.619515 0.517901 -0.401566 -0.781519 -0.477465 0.700546 0.0736846 -0.709793
0.447795 -0.728875 0.517901 -0.555659 -0.68064 -0.477465 0.700516 -0.07397 -0.709793
0.286822 -0.805923 0.517901 -0.684787 -0.550539 -0.477465 0.669925 -0.217705 -0.709793
0.113366 -0.847895 0.517901 -0.784113 -0.396478 -0.477465 0.610177 -0.351964 -0.709793
-0.0658765 -0.8529 0.517901 -0.849536 -0.224311 -0.477465 0.523401 -0.471429 -0.709793
-0.241404 -0.820672 0.517901 -0.87759 -0.0431669 -0.477465 0.414198 -0.569767 -0.709793
-0.407178 -0.752319 0.517901 -0.867308 0.140724 -0.477465 0.286325 -0.643593 -0.709793
-0.55441 -0.651466 0.517901 -0.819237 0.317612 -0.477465 0.146561 -0.688995 -0.709793
-0.76444 0.594007 0.250574 -0.644695 -0.704433 -0.296889 0.000158253 -0.388497 0.92145
-0.623819 0.740313 0.250574 -0.777378 -0.554564 -0.296889 -0.0808313 -0.379995 0.92145
-0.456642 0.853634 0.250574 -0.875523 -0.381204 -0.296889 -0.157914 -0.354955 0.92145
-0.268662 0.930072 0.250574 -0.935754 -0.190318 -0.296889 -0.228439 -0.314238 0.92145
-0.0698427 0.965575 0.250574 -0.954879 0.00797568 -0.296889 -0.288667 -0.260003 0.92145
0.132975 0.958921 0.250574 -0.932238 0.206854 -0.296889 -0.336525 -0.194116 0.92145
0.32904 0.910464 0.250574 -0.869033 0.395775 -0.296889 -0.369477 -0.120069 0.92145
0.510785 0.822382 0.250574 -0.768006 0.567472 -0.296889 -0.386349 -0.040796 0.92145
0.670997 0.697837 0.250574 -0.632839 0.715103 -0.296889 -0.386366 0.0406386 0.92145
0.801184 0.543431 0.250574 -0.470696 0.830844 -0.296889 -0.369526 0.119918 0.92145
0.896866 0.364478 0.250574 -0.287158 0.910713 -0.296889 -0.33641 0.194315 0.92145
0.952972 0.170463 0.250574 -0.0919528 0.950475 -0.296889 -0.288772 0.259885 0.92145
0.967571 -0.0319382 0.250574 0.108203 0.948762 -0.296889 -0.228253 0.314373 0.92145
0.939889 -0.231996 0.250574 0.302699 0.905666 -0.296889 -0.158059 0.354891 0.92145
0.870878 -0.422829 0.250574 0.484844 0.822668 -0.296889 -0.0806061 0.380043 0.92145
0.764198 -0.594319 0.250574 0.644982 0.70417 -0.296889 0 0.388497 0.92145
0.624257 -0.739943 0.250574 0.777049 0.555024 -0.296889 0.0806061 0.380043 0.92145
0.456295 -0.85382 0.250574 0.875678 0.380847 -0.296889 0.158059 0.354891 0.92145
0.269213 -0.929912 0.250574 0.935641 0.190872 -0.296889 0.228253 0.314373 0.92145
0.0694494 -0.965603 0.250574 0.954876 -0.00836465 -0.296889 0.288772 0.259885 0.92145
-0.132407 -0.959 0.250574 0.932361 -0.206302 -0.296889 0.33641 0.194315 0.92145
-0.329411 -0.91033 0.250574 0.868872 -0.396129 -0.296889 0.369526 0.119918 0.92145
-0.51112 -0.822174 0.250574 0.767775 -0.567784 -0.296889 0.386366 0.0406386 0.92145
-0.671281 -0.697563 0.250574 0.632547 -0.715361 -0.296889 0.386349 -0.040796 0.92145
-0.801405 -0.543105 0.250574 0.470358 -0.831036 -0.296889 0.369477 -0.120069 0.92145
-0.89665 -0.365009 0.250574 0.287698 -0.910542 -0.296889 0.336525 -0.194116 0.92145
-0.953041 -0.170075 0.250574 0.0915656 -0.950512 -0.296889 0.288667 -0.260003 0.92145
-0.967589 0.0313647 0.250574 -0.107641 -0.948826 -0.296889 0.228439 -0.314238 0.92145
-0.939794 0.232379 0.250574 -0.303068 -0.905542 -0.296889 0.157914 -0.354955 0.92145
-0.871129 0.422313 0.250574 -0.484357 -0.822956 -0.296889 0.0808313 -0.379995 0.92145
0.391774 -0.801773 0.451302 -0.920062 -0.341512 0.191981 0.000199778 -0.490438 -0.871476
0.216029 -0.865828 0.451302 -0.97104 -0.142213 0.191981 -0.102041 -0.479705 -0.871476
0.0316847 -0.891809 0.451302 -0.979416 0.0623549 0.191981 -0.199351 -0.448095 -0.871476
-0.154918 -0.878822 0.451302 -0.9449 0.265154 0.191981 -0.288381 -0.396694 -0.871476
-0.333886 -0.827555 0.451302 -0.869324 0.455434 0.191981 -0.364412 -0.328228 -0.871476
-0.499063 -0.739772 0.451302 -0.755286 0.626647 0.191981 -0.424829 -0.245051 -0.871476
-0.641692 -0.620128 0.451302 -0.608832 0.769719 0.191981 -0.466428 -0.151574 -0.871476
-0.756393 -0.473494 0.451302 -0.435881 0.87929 0.191981 -0.487727 -0.0515008 -0.871476
-0.83848 -0.305414 0.451302 -0.243008 0.950837 0.191981 -0.487748 0.0513021 -0.871476
-0.883602 -0.124798 0.451302 -0.0404386 0.980565 0.191981 -0.46649 0.151384 -0.871476
-0.890205 0.062139 0.451302 0.164858 0.967453 0.191981 -0.424684 0.245303 -0.871476
-0.857941 0.245488 0.451302 0.362 0.912195 0.191981 -0.364546 0.328079 -0.871476
-0.787918 0.418941 0.451302 0.544203 0.816692 0.191981 -0.288146 0.396865 -0.871476
-0.683849 0.573303 0.451302 0.701809 0.686008 0.191981 -0.199533 0.448014 -0.871476
-0.549315 0.703264 0.451302 0.829396 0.524638 0.191981 -0.101757 0.479766 -0.871476
-0.391447 0.801933 0.451302 0.920201 0.341137 0.191981 0 0.490438 -0.871476
-0.216542 0.8657 0.451302 0.970956 0.142788 0.191981 0.101757 0.479766 -0.871476
-0.0313214 0.891822 0.451302 0.97939 -0.0627539 0.191981 0.199533 0.448014 -0.871476
0.154397 0.878913 0.451302 0.945057 -0.264594 0.191981 0.288146 0.396865 -0.871476
0.334223 0.827419 0.451302 0.869138 -0.455788 0.191981 0.364546 0.328079 -0.871476
0.498624 0.740068 0.451302 0.755657 -0.626199 0.191981 0.424684 0.245303 -0.871476
0.641944 0.619866 0.451302 0.608519 -0.769967 0.191981 0.46649 0.151384 -0.871476
0.756586 0.473185 0.451302 0.435522 -0.879468 0.191981 0.487748 0.0513021 -0.871476
0.838605 0.305072 0.451302 0.242621 -0.950936 0.191981 0.487727 -0.0515008 -0.871476
0.883653 0.124438 0.451302 0.0400391 -0.980582 0.191981 0.466428 -0.151574 -0.871476
0.890242 -0.0616115 0.451302 -0.164285 -0.96755 0.191981 0.424829 -0.245051 -0.871476
0.857841 -0.245838 0.451302 -0.362371 -0.912047 0.191981 0.364412 -0.328228 -0.871476
0.788166 -0.418474 0.451302 -0.543719 -0.817015 0.191981 0.288381 -0.396694 -0.871476
0.683616 -0.573582 0.451302 -0.702089 -0.685722 0.191981 0.199351 -0.448095 -0.871476
0.549732 -0.702938 0.451302 -0.829085 -0.52513 0.191981 0.102041 -0.479705 -0.871476
0.0837503 0.868712 0.488186 -0.996487 0.0729133 0.0412045 0.000199568 -0.489922 0.871766
0.263002 0.832169 0.488186 -0.959395 0.279039 0.0412045 -0.101934 -0.4792 0.871766
0.429939 0.759491 0.488186 -0.880622 0.472024 0.0412045 -0.199141 -0.447623 0.871766
0.578817 0.653181 0.488186 -0.762878 0.645228 0.0412045 -0.288077 -0.396276 0.871766
0.701744 0.518873 0.488186 -0.612404 0.789471 0.0412045 -0.364029 -0.327882 0.871766
0.794492 0.361189 0.488186 -0.434377 0.899788 0.0412045 -0.424381 -0.244793 0.871766
0.852143 0.188486 0.488186 -0.238235 0.970333 0.0412045 -0.465937 -0.151415 0.871766
0.872707 0.00758039 0.488186 -0.0317238 0.998647 0.0412045 -0.487213 -0.0514465 0.871766
0.855114 -0.17451 0.488186 0.177151 0.983321 0.0412045 -0.487234 0.0512481 0.871766
0.800298 -0.348134 0.488186 0.377317 0.925167 0.0412045 -0.465998 0.151225 0.871766
0.710145 -0.507316 0.488186 0.561888 0.826186 0.0412045 -0.424236 0.245045 0.871766
0.589432 -0.643618 0.488186 0.721079 0.691626 0.0412045 -0.364162 0.327734 0.871766
0.442315 -0.752351 0.488186 0.849414 0.526116 0.0412045 -0.287843 0.396447 0.871766
0.27659 -0.827751 0.488186 0.940089 0.338429 0.0412045 -0.199323 0.447542 0.871766
0.0979608 -0.867224 0.488186 0.989985 0.135023 0.0412045 -0.10165 0.479261 0.871766
-0.0841042 -0.868678 0.488186 0.996457 -0.0733192 0.0412045 0 0.489922 0.871766
-0.262509 -0.832324 0.488186 0.959561 -0.27847 0.0412045 0.10165 0.479261 0.871766
-0.430248 -0.759316 0.488186 0.88043 -0.472383 0.0412045 0.199323 0.447542 0.871766
