-0.640693 0.150196 -0.752963 0.767797 0.125332 -0.628315 0.000000 -0.980680 -0.195619
-0.579988 0.310902 -0.752963 0.774073 -0.077660 -0.628315 -0.253819 -0.947264 -0.195619
-0.479758 0.450420 -0.752963 0.727598 -0.275358 -0.628315 -0.490340 -0.849294 -0.195619
-0.346833 0.559243 -0.752963 0.631537 -0.454292 -0.628315 -0.693446 -0.693445 -0.195619
-0.190273 0.629954 -0.752963 0.492439 -0.602266 -0.628315 -0.849294 -0.490340 -0.195619
-0.020746 0.657735 -0.752963 0.319782 -0.709197 -0.628315 -0.947264 -0.253819 -0.195619
0.150196 0.640693 -0.752963 0.125332 -0.767797 -0.628315 -0.980680 0.000000 -0.195619
0.310901 0.579988 -0.752963 -0.077659 -0.774073 -0.628315 -0.947264 0.253819 -0.195619
0.450420 0.479759 -0.752963 -0.275358 -0.727598 -0.628315 -0.849294 0.490340 -0.195619
0.559243 0.346834 -0.752963 -0.454292 -0.631538 -0.628315 -0.693445 0.693446 -0.195619
0.629954 0.190273 -0.752963 -0.602266 -0.492439 -0.628315 -0.490340 0.849294 -0.195619
0.657735 0.020745 -0.752963 -0.709197 -0.319782 -0.628315 -0.253818 0.947264 -0.195619
0.640693 -0.150196 -0.752963 -0.767797 -0.125332 -0.628315 0.000000 0.980680 -0.195619
0.579988 -0.310901 -0.752963 -0.774074 0.077659 -0.628315 0.253818 0.947264 -0.195619
0.479758 -0.450420 -0.752963 -0.727598 0.275358 -0.628315 0.490340 0.849294 -0.195619
0.346834 -0.559243 -0.752963 -0.631538 0.454292 -0.628315 0.693445 0.693446 -0.195619
0.190273 -0.629954 -0.752963 -0.492439 0.602266 -0.628315 0.849294 0.490340 -0.195619
0.020745 -0.657735 -0.752963 -0.319782 0.709197 -0.628315 0.947264 0.253819 -0.195619
-0.150196 -0.640693 -0.752963 -0.125332 0.767797 -0.628315 0.980680 0.000000 -0.195619
-0.310902 -0.579988 -0.752963 0.077660 0.774073 -0.628315 0.947264 -0.253819 -0.195619
-0.450420 -0.479758 -0.752963 0.275358 0.727598 -0.628315 0.849294 -0.490340 -0.195619
-0.559243 -0.346834 -0.752963 0.454291 0.631538 -0.628315 0.693446 -0.693445 -0.195619
-0.629954 -0.190273 -0.752963 0.602266 0.492439 -0.628315 0.490340 -0.849294 -0.195619
-0.657735 -0.020746 -0.752963 0.709197 0.319782 -0.628315 0.253819 -0.947264 -0.195619
-0.562295 -0.062919 0.824540 -0.826937 0.042783 -0.560665 0.000000 -0.997101 -0.076086
-0.559420 0.084758 0.824540 -0.787687 0.255352 -0.560665 -0.258069 -0.963126 -0.076086
-0.518421 0.226658 0.824540 -0.694757 0.450519 -0.560665 -0.498550 -0.863515 -0.076086
-0.442092 0.353113 0.824540 -0.554480 0.614985 -0.560665 -0.705057 -0.705057 -0.076086
-0.335636 0.455503 0.824540 -0.376417 0.737540 -0.560665 -0.863515 -0.498550 -0.076086
-0.206307 0.526851 0.824540 -0.172702 0.809833 -0.560665 -0.963126 -0.258069 -0.076086
-0.062918 0.562295 0.824540 0.042783 0.826937 -0.560665 -0.997101 0.000000 -0.076086
0.084758 0.559420 0.824540 0.255352 0.787687 -0.560665 -0.963126 0.258069 -0.076086
0.226658 0.518421 0.824540 0.450519 0.694757 -0.560665 -0.863515 0.498550 -0.076086
0.353113 0.442092 0.824540 0.614985 0.554480 -0.560665 -0.705057 0.705057 -0.076086
0.455502 0.335636 0.824540 0.737540 0.376418 -0.560665 -0.498551 0.863515 -0.076086
0.526851 0.206307 0.824540 0.809833 0.172702 -0.560665 -0.258068 0.963126 -0.076086
0.562295 0.062918 0.824540 0.826937 -0.042783 -0.560665 0.000000 0.997101 -0.076086
0.559420 -0.084758 0.824540 0.787687 -0.255352 -0.560665 0.258068 0.963126 -0.076086
0.518421 -0.226659 0.824540 0.694757 -0.450520 -0.560665 0.498551 0.863515 -0.076086
0.442093 -0.353112 0.824540 0.554481 -0.614984 -0.560665 0.705057 0.705057 -0.076086
0.335636 -0.455503 0.824540 0.376417 -0.737540 -0.560665 0.863515 0.498550 -0.076086
0.206307 -0.526851 0.824540 0.172702 -0.809833 -0.560665 0.963126 0.258069 -0.076086
0.062919 -0.562295 0.824540 -0.042783 -0.826937 -0.560665 0.997101 0.000000 -0.076086
-0.084758 -0.559420 0.824540 -0.255352 -0.787687 -0.560665 0.963126 -0.258069 -0.076086
-0.226658 -0.518421 0.824540 -0.450519 -0.694757 -0.560665 0.863515 -0.498550 -0.076086
-0.353112 -0.442093 0.824540 -0.614984 -0.554481 -0.560665 0.705057 -0.705057 -0.076086
-0.455503 -0.335636 0.824540 -0.737540 -0.376417 -0.560665 0.498550 -0.863515 -0.076086
-0.526851 -0.206307 0.824540 -0.809833 -0.172702 -0.560665 0.258069 -0.963126 -0.076086
0.988823 0.043921 -0.142479 0.149095 -0.291291 0.944945 0.000000 -0.955626 -0.294583
0.966497 -0.213502 -0.142479 0.068623 -0.319954 0.944945 -0.247334 -0.923064 -0.294583
0.878306 -0.456375 -0.142479 -0.016526 -0.326813 0.944945 -0.477813 -0.827596 -0.294583
0.730260 -0.668147 -0.142479 -0.100548 -0.311400 0.944945 -0.675730 -0.675729 -0.294583
0.532448 -0.834386 -0.142479 -0.177718 -0.274765 0.944945 -0.827596 -0.477813 -0.294583
0.298351 -0.943762 -0.142479 -0.242777 -0.219406 0.944945 -0.923064 -0.247334 -0.294583
0.043921 -0.988823 -0.142479 -0.291291 -0.149095 0.944945 -0.955626 0.000000 -0.294583
-0.213502 -0.966497 -0.142479 -0.319954 -0.068623 0.944945 -0.923064 0.247334 -0.294583
-0.456374 -0.878306 -0.142479 -0.326813 0.016526 0.944945 -0.827596 0.477812 -0.294583
-0.668147 -0.730260 -0.142479 -0.311400 0.100548 0.944945 -0.675729 0.675730 -0.294583
-0.834385 -0.532448 -0.142479 -0.274765 0.177718 0.944945 -0.477813 0.827596 -0.294583
-0.943762 -0.298350 -0.142479 -0.219406 0.242777 0.944945 -0.247334 0.923064 -0.294583
-0.988823 -0.043921 -0.142479 -0.149095 0.291291 0.944945 0.000000 0.955626 -0.294583
-0.966497 0.213502 -0.142479 -0.068623 0.319954 0.944945 0.247334 0.923064 -0.294583
-0.878306 0.456375 -0.142479 0.016526 0.326813 0.944945 0.477813 0.827596 -0.294583
-0.730260 0.668147 -0.142479 0.100548 0.311400 0.944945 0.675729 0.675730 -0.294583
-0.532448 0.834386 -0.142479 0.177718 0.274765 0.944945 0.827596 0.477812 -0.294583
-0.298350 0.943762 -0.142479 0.242777 0.219406 0.944945 0.923064 0.247334 -0.294583
-0.043921 0.988823 -0.142479 0.291291 0.149095 0.944945 0.955626 0.000000 -0.294583
0.213502 0.966497 -0.142479 0.319954 0.068623 0.944945 0.923064 -0.247334 -0.294583
0.456375 0.878306 -0.142479 0.326813 -0.016526 0.944945 0.827596 -0.477813 -0.294583
0.668146 0.730260 -0.142479 0.311400 -0.100548 0.944945 0.675730 -0.675729 -0.294583
0.834386 0.532448 -0.142479 0.274765 -0.177718 0.944945 0.477813 -0.827596 -0.294583
0.943762 0.298351 -0.142479 0.219406 -0.242777 0.944945 0.247334 -0.923064 -0.294583
-0.569072 0.687095 0.451728 -0.822288 -0.475510 -0.312622 0.000000 -0.549355 0.835589
-0.371847 0.810969 0.451728 -0.917340 -0.246483 -0.312622 -0.142184 -0.530636 0.835589
-0.149283 0.879577 0.451728 -0.949877 -0.000660 -0.312622 -0.274677 -0.475755 0.835589
0.083456 0.888244 0.451728 -0.917682 0.245210 -0.312622 -0.388453 -0.388452 0.835589
0.310506 0.836378 0.451728 -0.822948 0.474368 -0.312622 -0.475755 -0.274677 0.835589
0.516396 0.727514 0.451728 -0.672131 0.671198 -0.312622 -0.530636 -0.142184 0.835589
0.687095 0.569071 0.451728 -0.475510 0.822288 -0.312622 -0.549355 0.000000 0.835589
0.810969 0.371848 0.451728 -0.246484 0.917340 -0.312622 -0.530636 0.142183 0.835589
0.879577 0.149283 0.451728 -0.000660 0.949877 -0.312622 -0.475755 0.274677 0.835589
0.888244 -0.083455 0.451728 0.245209 0.917682 -0.312622 -0.388453 0.388453 0.835589
0.836378 -0.310506 0.451728 0.474367 0.822948 -0.312622 -0.274678 0.475755 0.835589
0.727514 -0.516396 0.451728 0.671198 0.672131 -0.312622 -0.142183 0.530636 0.835589
0.569072 -0.687095 0.451728 0.822288 0.475510 -0.312622 0.000000 0.549355 0.835589
0.371848 -0.810969 0.451728 0.917340 0.246484 -0.312622 0.142183 0.530636 0.835589
0.149283 -0.879578 0.451728 0.949877 0.000659 -0.312622 0.274678 0.475755 0.835589
-0.083455 -0.888244 0.451728 0.917682 -0.245209 -0.312622 0.388453 0.388453 0.835589
-0.310506 -0.836378 0.451728 0.822948 -0.474368 -0.312622 0.475755 0.274677 0.835589
-0.516396 -0.727514 0.451728 0.672131 -0.671198 -0.312622 0.530636 0.142183 0.835589
-0.687095 -0.569072 0.451728 0.475510 -0.822288 -0.312622 0.549355 0.000000 0.835589
-0.810969 -0.371847 0.451728 0.246483 -0.917340 -0.312622 0.530636 -0.142184 0.835589
-0.879577 -0.149283 0.451728 0.000660 -0.949877 -0.312622 0.475755 -0.274677 0.835589
-0.888244 0.083455 0.451728 -0.245209 -0.917682 -0.312622 0.388453 -0.388452 0.835589
-0.836378 0.310506 0.451728 -0.474368 -0.822948 -0.312622 0.274677 -0.475755 0.835589
-0.727514 0.516396 0.451728 -0.671198 -0.672131 -0.312622 0.142184 -0.530636 0.835589
-0.868898 0.248977 0.427816 -0.494991 -0.437050 -0.750980 0.000000 -0.864290 0.502994
-0.774850 0.465382 0.427816 -0.591242 -0.294045 -0.750980 -0.223695 -0.834840 0.502994
-0.627999 0.650070 0.427816 -0.647200 -0.131001 -0.750980 -0.432145 -0.748497 0.502994
-0.438349 0.790458 0.427816 -0.659053 0.040971 -0.750980 -0.611146 -0.611145 0.502994
-0.218828 0.876976 0.427816 -0.625992 0.210150 -0.750980 -0.748497 -0.432145 0.502994
0.015606 0.903731 0.427816 -0.550271 0.365008 -0.750980 -0.834840 -0.223695 0.502994
0.248978 0.868898 0.427816 -0.437050 0.494992 -0.750980 -0.864290 0.000000 0.502994
0.465381 0.774851 0.427816 -0.294045 0.591242 -0.750980 -0.834840 0.223695 0.502994
0.650070 0.627999 0.427816 -0.131001 0.647200 -0.750980 -0.748497 0.432145 0.502994
0.790457 0.438350 0.427816 0.040971 0.659053 -0.750980 -0.611145 0.611145 0.502994
0.876976 0.218828 0.427816 0.210150 0.625992 -0.750980 -0.432145 0.748497 0.502994
0.903731 -0.015607 0.427816 0.365008 0.550271 -0.750980 -0.223694 0.834840 0.502994
0.868898 -0.248978 0.427816 0.494991 0.437050 -0.750980 0.000000 0.864290 0.502994
0.774851 -0.465381 0.427816 0.591242 0.294045 -0.750980 0.223694 0.834840 0.502994
0.627999 -0.650070 0.427816 0.647200 0.131001 -0.750980 0.432145 0.748497 0.502994
0.438350 -0.790457 0.427816 0.659053 -0.040970 -0.750980 0.611145 0.611145 0.502994
0.218827 -0.876977 0.427816 0.625992 -0.210150 -0.750980 0.748497 0.432145 0.502994
-0.015607 -0.903731 0.427816 0.550271 -0.365008 -0.750980 0.834840 0.223695 0.502994
-0.248977 -0.868898 0.427816 0.437050 -0.494991 -0.750980 0.864290 0.000000 0.502994
-0.465381 -0.774850 0.427816 0.294045 -0.591242 -0.750980 0.834840 -0.223695 0.502994
-0.650070 -0.627999 0.427816 0.131001 -0.647200 -0.750980 0.748497 -0.432145 0.502994
-0.790457 -0.438350 0.427816 -0.040970 -0.659053 -0.750980 0.611146 -0.611145 0.502994
-0.876976 -0.218828 0.427816 -0.210150 -0.625992 -0.750980 0.432145 -0.748497 0.502994
-0.903731 0.015606 0.427816 -0.365008 -0.550272 -0.750980 0.223695 -0.834840 0.502994
0.360204 0.312024 0.879144 -0.932874 0.120479 0.339458 0.000000 -0.942404 0.334476
0.428688 0.208164 0.879144 -0.869904 0.357820 0.339458 -0.243912 -0.910293 0.334476
0.467958 0.090119 0.879144 -0.747652 0.570775 0.339458 -0.471202 -0.816146 0.334476
0.475337 -0.034069 0.879144 -0.574449 0.744833 0.339458 -0.666381 -0.666380 0.334476
0.450323 -0.155934 0.879144 -0.362098 0.868132 0.339458 -0.816146 -0.471202 0.334476
0.394620 -0.267173 0.879144 -0.125071 0.932269 0.339458 -0.910293 -0.243912 0.334476
0.312024 -0.360204 0.879144 0.120480 0.932873 0.339458 -0.942404 0.000000 0.334476
0.208164 -0.428688 0.879144 0.357820 0.869904 0.339458 -0.910293 0.243912 0.334476
0.090119 -0.467958 0.879144 0.570775 0.747653 0.339458 -0.816146 0.471202 0.334476
-0.034069 -0.475337 0.879144 0.744833 0.574449 0.339458 -0.666380 0.666381 0.334476
-0.155934 -0.450323 0.879144 0.868132 0.362099 0.339458 -0.471202 0.816146 0.334476
-0.267173 -0.394620 0.879144 0.932269 0.125071 0.339458 -0.243912 0.910293 0.334476
-0.360204 -0.312024 0.879144 0.932874 -0.120480 0.339458 0.000000 0.942404 0.334476
-0.428688 -0.208164 0.879144 0.869904 -0.357820 0.339458 0.243912 0.910293 0.334476
-0.467958 -0.090118 0.879144 0.747652 -0.570775 0.339458 0.471202 0.816146 0.334476
-0.475337 0.034068 0.879144 0.574449 -0.744833 0.339458 0.666380 0.666381 0.334476
-0.450323 0.155934 0.879144 0.362098 -0.868132 0.339458 0.816146 0.471202 0.334476
-0.394620 0.267173 0.879144 0.125071 -0.932269 0.339458 0.910293 0.243912 0.334476
-0.312024 0.360204 0.879144 -0.120479 -0.932874 0.339458 0.942404 0.000000 0.334476
-0.208164 0.428688 0.879144 -0.357820 -0.869904 0.339458 0.910293 -0.243912 0.334476
-0.090119 0.467958 0.879144 -0.570775 -0.747652 0.339458 0.816146 -0.471202 0.334476
0.034068 0.475337 0.879144 -0.744833 -0.574450 0.339458 0.666381 -0.666380 0.334476
0.155934 0.450323 0.879144 -0.868132 -0.362098 0.339458 0.471202 -0.816146 0.334476
0.267173 0.394620 0.879144 -0.932269 -0.125071 0.339458 0.243912 -0.910293 0.334476
0.047322 0.537450 -0.841967 0.998880 -0.025461 0.039888 0.000000 -0.842911 -0.538053
0.184812 0.506889 -0.841967 0.958254 -0.283124 0.039888 -0.218162 -0.814189 -0.538053
0.309707 0.441785 -0.841967 0.852324 -0.521490 0.039888 -0.421455 -0.729982 -0.538053
0.413497 0.346573 -0.841967 0.688310 -0.724319 0.039888 -0.596028 -0.596028 -0.538053
0.489107 0.227743 -0.841967 0.477389 -0.877786 0.039888 -0.729982 -0.421455 -0.538053
0.531385 0.093393 -0.841967 0.233935 -0.971434 0.039888 -0.814189 -0.218162 -0.538053
0.537450 -0.047322 -0.841967 -0.025462 -0.998880 0.039888 -0.842911 0.000000 -0.538053
0.506889 -0.184812 -0.841967 -0.283123 -0.958254 0.039888 -0.814189 0.218161 -0.538053
0.441785 -0.309707 -0.841967 -0.521490 -0.852325 0.039888 -0.729983 0.421455 -0.538053
0.346573 -0.413497 -0.841967 -0.724319 -0.688310 0.039888 -0.596028 0.596028 -0.538053
0.227743 -0.489107 -0.841967 -0.877786 -0.477390 0.039888 -0.421456 0.729982 -0.538053
0.093393 -0.531385 -0.841967 -0.971434 -0.233935 0.039888 -0.218161 0.814190 -0.538053
-0.047322 -0.537450 -0.841967 -0.998880 0.025462 0.039888 0.000000 0.842911 -0.538053
-0.184812 -0.506889 -0.841967 -0.958254 0.283123 0.039888 0.218161 0.814190 -0.538053
-0.309707 -0.441785 -0.841967 -0.852324 0.521491 0.039888 0.421456 0.729982 -0.538053
-0.413496 -0.346573 -0.841967 -0.688311 0.724319 0.039888 0.596028 0.596028 -0.538053
-0.489107 -0.227743 -0.841967 -0.477389 0.877786 0.039888 0.729983 0.421455 -0.538053
-0.531385 -0.093393 -0.841967 -0.233935 0.971434 0.039888 0.814189 0.218161 -0.538053
-0.537450 0.047322 -0.841967 0.025461 0.998880 0.039888 0.842911 0.000000 -0.538053
-0.506889 0.184812 -0.841967 0.283123 0.958254 0.039888 0.814189 -0.218162 -0.538053
-0.441785 0.309707 -0.841967 0.521490 0.852324 0.039888 0.729982 -0.421455 -0.538053
-0.346573 0.413496 -0.841967 0.724318 0.688311 0.039888 0.596028 -0.596028 -0.538053
-0.227743 0.489107 -0.841967 0.877786 0.477389 0.039888 0.421455 -0.729982 -0.538053
-0.093393 0.531385 -0.841967 0.971434 0.233935 0.039888 0.218162 -0.814189 -0.538053
0.950992 -0.270543 -0.149733 0.309214 0.832058 0.460507 0.000000 -0.484238 0.874936
0.848566 -0.507460 -0.149733 0.514031 0.723675 0.460507 -0.125330 -0.467738 0.874936
0.688312 -0.709793 -0.149733 0.683816 0.565976 0.460507 -0.242119 -0.419362 0.874936
0.481150 -0.863756 -0.149733 0.807001 0.369706 0.460507 -0.342408 -0.342408 0.874936
0.241199 -0.958855 -0.149733 0.875190 0.148241 0.460507 -0.419362 -0.242119 0.874936
-0.015189 -0.988610 -0.149733 0.883737 -0.083325 0.460507 -0.467738 -0.125330 0.874936
-0.270543 -0.950992 -0.149733 0.832058 -0.309215 0.460507 -0.484238 0.000000 0.874936
-0.507459 -0.848566 -0.149733 0.723676 -0.514030 0.460507 -0.467738 0.125330 0.874936
-0.709793 -0.688312 -0.149733 0.565976 -0.683816 0.460507 -0.419362 0.242119 0.874936
-0.863756 -0.481150 -0.149733 0.369706 -0.807001 0.460507 -0.342408 0.342408 0.874936
-0.958855 -0.241199 -0.149733 0.148242 -0.875190 0.460507 -0.242119 0.419362 0.874936
-0.988610 0.015190 -0.149733 -0.083326 -0.883737 0.460507 -0.125330 0.467738 0.874936
-0.950992 0.270543 -0.149733 -0.309214 -0.832058 0.460507 0.000000 0.484238 0.874936
-0.848567 0.507459 -0.149733 -0.514030 -0.723676 0.460507 0.125330 0.467738 0.874936
-0.688312 0.709793 -0.149733 -0.683816 -0.565976 0.460507 0.242119 0.419362 0.874936
-0.481151 0.863756 -0.149733 -0.807001 -0.369706 0.460507 0.342408 0.342408 0.874936
-0.241199 0.958855 -0.149733 -0.875190 -0.148241 0.460507 0.419362 0.242119 0.874936
0.015189 0.988610 -0.149733 -0.883737 0.083326 0.460507 0.467738 0.125330 0.874936
0.270543 0.950992 -0.149733 -0.832058 0.309214 0.460507 0.484238 0.000000 0.874936
0.507459 0.848566 -0.149733 -0.723675 0.514031 0.460507 0.467738 -0.125330 0.874936
0.709793 0.688312 -0.149733 -0.565976 0.683816 0.460507 0.419362 -0.242119 0.874936
0.863756 0.481151 -0.149733 -0.369707 0.807001 0.460507 0.342408 -0.342408 0.874936
0.958855 0.241199 -0.149733 -0.148241 0.875190 0.460507 0.242119 -0.419362 0.874936
0.988610 -0.015189 -0.149733 0.083325 0.883737 0.460507 0.125330 -0.467738 0.874936
0.928101 0.371507 -0.024729 0.372329 -0.926052 0.061642 0.000000 -0.066418 -0.997792
0.992630 0.118637 -0.024729 0.119962 -0.990863 0.061642 -0.017190 -0.064155 -0.997792
0.989512 -0.142316 -0.024729 -0.140580 -0.988149 0.061642 -0.033209 -0.057520 -0.997792
0.918961 -0.393572 -0.024729 -0.391542 -0.918093 0.061642 -0.046964 -0.046964 -0.997792
0.785784 -0.618006 -0.024729 -0.615820 -0.785472 0.061642 -0.057520 -0.033209 -0.997792
0.599058 -0.800324 -0.024729 -0.798131 -0.599322 0.061642 -0.064155 -0.017190 -0.997792
0.371506 -0.928101 -0.024729 -0.926052 -0.372328 0.061642 -0.066418 0.000000 -0.997792
0.118637 -0.992630 -0.024729 -0.990863 -0.119962 0.061642 -0.064155 0.017190 -0.997792
-0.142316 -0.989512 -0.024729 -0.988149 0.140579 0.061642 -0.057520 0.033209 -0.997792
-0.393572 -0.918961 -0.024729 -0.918093 0.391542 0.061642 -0.046964 0.046964 -0.997792
-0.618006 -0.785785 -0.024729 -0.785472 0.615820 0.061642 -0.033209 0.057519 -0.997792
-0.800324 -0.599057 -0.024729 -0.599321 0.798132 0.061642 -0.017190 0.064155 -0.997792
-0.928101 -0.371506 -0.024729 -0.372328 0.926052 0.061642 0.000000 0.066418 -0.997792
-0.992630 -0.118638 -0.024729 -0.119962 0.990863 0.061642 0.017190 0.064155 -0.997792
-0.989512 0.142317 -0.024729 0.140580 0.988148 0.061642 0.033209 0.057519 -0.997792
-0.918961 0.393572 -0.024729 0.391541 0.918093 0.061642 0.046964 0.046964 -0.997792
-0.785784 0.618006 -0.024729 0.615820 0.785471 0.061642 0.057520 0.033209 -0.997792
-0.599058 0.800324 -0.024729 0.798132 0.599321 0.061642 0.064155 0.017190 -0.997792
-0.371507 0.928101 -0.024729 0.926052 0.372329 0.061642 0.066418 0.000000 -0.997792
-0.118637 0.992630 -0.024729 0.990863 0.119962 0.061642 0.064155 -0.017190 -0.997792
0.142316 0.989512 -0.024729 0.988149 -0.140580 0.061642 0.057520 -0.033209 -0.997792
0.393571 0.918961 -0.024729 0.918094 -0.391541 0.061642 0.046964 -0.046964 -0.997792
0.618006 0.785784 -0.024729 0.785472 -0.615820 0.061642 0.033209 -0.057520 -0.997792
0.800324 0.599058 -0.024729 0.599322 -0.798131 0.061642 0.017190 -0.064155 -0.997792
0.942378 0.286219 -0.173213 0.334550 -0.806236 0.487914 0.000000 -0.517748 -0.855533
0.984346 0.032560 -0.173213 0.114481 -0.865352 0.487914 -0.134003 -0.500106 -0.855533
0.959233 -0.223316 -0.173213 -0.113389 -0.865496 0.487914 -0.258874 -0.448383 -0.855533
0.868749 -0.463975 -0.173213 -0.333533 -0.806657 0.487914 -0.366103 -0.366103 -0.855533
0.719061 -0.673014 -0.173213 -0.530946 -0.692846 0.487914 -0.448383 -0.258874 -0.855533
0.520371 -0.836188 -0.173213 -0.692176 -0.531820 0.487914 -0.500106 -0.134003 -0.855533
0.286218 -0.942378 -0.173213 -0.806236 -0.334550 0.487914 -0.517748 0.000000 -0.855533
0.032561 -0.984346 -0.173213 -0.865352 -0.114481 0.487914 -0.500106 0.134003 -0.855533
-0.223316 -0.959233 -0.173213 -0.865496 0.113389 0.487914 -0.448383 0.258874 -0.855533
-0.463975 -0.868749 -0.173213 -0.806657 0.333532 0.487914 -0.366103 0.366103 -0.855533
-0.673014 -0.719062 -0.173213 -0.692847 0.530945 0.487914 -0.258874 0.448383 -0.855533
-0.836189 -0.520371 -0.173213 -0.531819 0.692176 0.487914 -0.134003 0.500106 -0.855533
-0.942378 -0.286219 -0.173213 -0.334550 0.806236 0.487914 0.000000 0.517748 -0.855533
-0.984346 -0.032561 -0.173213 -0.114482 0.865352 0.487914 0.134003 0.500106 -0.855533
-0.959233 0.223317 -0.173213 0.113389 0.865496 0.487914 0.258874 0.448383 -0.855533
-0.868749 0.463975 -0.173213 0.333532 0.806657 0.487914 0.366103 0.366103 -0.855533
-0.719061 0.673014 -0.173213 0.530946 0.692846 0.487914 0.448383 0.258874 -0.855533
-0.520371 0.836189 -0.173213 0.692176 0.531819 0.487914 0.500106 0.134003 -0.855533
-0.286219 0.942378 -0.173213 0.806236 0.334550 0.487914 0.517748 0.000000 -0.855533
-0.032560 0.984346 -0.173213 0.865352 0.114481 0.487914 0.500106 -0.134003 -0.855533
0.223316 0.959233 -0.173213 0.865496 -0.113389 0.487914 0.448383 -0.258874 -0.855533
0.463974 0.868749 -0.173213 0.806657 -0.333532 0.487914 0.366103 -0.366103 -0.855533
0.673014 0.719061 -0.173213 0.692846 -0.530946 0.487914 0.258874 -0.448383 -0.855533
0.836188 0.520372 -0.173213 0.531820 -0.692176 0.487914 0.134003 -0.500106 -0.855533
-0.501752 -0.007836 -0.864976 0.865011 -0.004545 -0.501732 0.000000 -0.999959 0.009058
-0.486683 0.122295 -0.864976 0.834360 -0.228272 -0.501732 -0.258809 -0.965886 0.009058
-0.438448 0.244090 -0.864976 0.746849 -0.436442 -0.501732 -0.499979 -0.865990 0.009058
-0.360333 0.349252 -0.864976 0.608441 -0.614869 -0.501732 -0.707078 -0.707078 0.009058
-0.257662 0.430613 -0.864976 0.428570 -0.751394 -0.501732 -0.865990 -0.499979 0.009058
-0.137432 0.482627 -0.864976 0.219492 -0.836713 -0.501732 -0.965886 -0.258809 0.009058
-0.007835 0.501752 -0.864976 -0.004545 -0.865011 -0.501732 -0.999959 0.000000 0.009058
0.122295 0.486683 -0.864976 -0.228271 -0.834361 -0.501732 -0.965886 0.258808 0.009058
0.244090 0.438448 -0.864976 -0.436441 -0.746850 -0.501732 -0.865990 0.499979 0.009058
0.349252 0.360333 -0.864976 -0.614869 -0.608442 -0.501732 -0.707078 0.707078 0.009058
0.430612 0.257662 -0.864976 -0.751394 -0.428570 -0.501732 -0.499980 0.865990 0.009058
0.482628 0.137431 -0.864976 -0.836713 -0.219491 -0.501732 -0.258808 0.965886 0.009058
0.501752 0.007835 -0.864976 -0.865011 0.004545 -0.501732 0.000000 0.999959 0.009058
0.486683 -0.122294 -0.864976 -0.834361 0.228271 -0.501732 0.258808 0.965886 0.009058
0.438448 -0.244091 -0.864976 -0.746849 0.436442 -0.501732 0.499980 0.865990 0.009058
0.360333 -0.349252 -0.864976 -0.608442 0.614869 -0.501732 0.707078 0.707078 0.009058
0.257662 -0.430613 -0.864976 -0.428569 0.751395 -0.501732 0.865990 0.499979 0.009058
0.137431 -0.482628 -0.864976 -0.219491 0.836713 -0.501732 0.965886 0.258808 0.009058
0.007836 -0.501752 -0.864976 0.004545 0.865011 -0.501732 0.999959 0.000000 0.009058
-0.122295 -0.486683 -0.864976 0.228272 0.834360 -0.501732 0.965886 -0.258809 0.009058
-0.244090 -0.438448 -0.864976 0.436442 0.746849 -0.501732 0.865990 -0.499979 0.009058
-0.349252 -0.360333 -0.864976 0.614869 0.608442 -0.501732 0.707078 -0.707078 0.009058
-0.430613 -0.257662 -0.864976 0.751394 0.428569 -0.501732 0.499979 -0.865990 0.009058
-0.482627 -0.137432 -0.864976 0.836713 0.219492 -0.501732 0.258809 -0.965886 0.009058
-0.981756 -0.144588 0.123486 -0.190143 0.746542 -0.637590 0.000000 -0.649438 -0.760415
-0.985726 0.114437 0.123486 0.009555 0.770317 -0.637590 -0.168087 -0.627309 -0.760415
-0.922520 0.365661 0.123486 0.208602 0.741596 -0.637590 -0.324719 -0.562430 -0.760415
-0.796445 0.591968 0.123486 0.393434 0.662336 -0.637590 -0.459222 -0.459222 -0.760415
-0.616095 0.777932 0.123486 0.551453 0.537940 -0.637590 -0.562430 -0.324719 -0.760415
-0.393758 0.910882 0.123486 0.671892 0.376884 -0.637590 -0.627309 -0.168087 -0.760415
-0.144587 0.981756 0.123486 0.746542 0.190143 -0.637590 -0.649438 0.000000 -0.760415
0.114436 0.985726 0.123486 0.770317 -0.009555 -0.637590 -0.627309 0.168087 -0.760415
0.365661 0.922520 0.123486 0.741596 -0.208602 -0.637590 -0.562430 0.324719 -0.760415
0.591968 0.796445 0.123486 0.662336 -0.393434 -0.637590 -0.459222 0.459222 -0.760415
0.777932 0.616095 0.123486 0.537940 -0.551453 -0.637590 -0.324719 0.562429 -0.760415
0.910882 0.393758 0.123486 0.376883 -0.671892 -0.637590 -0.168087 0.627309 -0.760415
0.981756 0.144588 0.123486 0.190143 -0.746542 -0.637590 0.000000 0.649438 -0.760415
0.985726 -0.114436 0.123486 -0.009555 -0.770317 -0.637590 0.168087 0.627309 -0.760415
0.922520 -0.365662 0.123486 -0.208602 -0.741596 -0.637590 0.324719 0.562429 -0.760415
0.796446 -0.591968 0.123486 -0.393433 -0.662337 -0.637590 0.459222 0.459222 -0.760415
0.616094 -0.777932 0.123486 -0.551453 -0.537940 -0.637590 0.562430 0.324719 -0.760415
0.393758 -0.910882 0.123486 -0.671892 -0.376883 -0.637590 0.627309 0.168087 -0.760415
0.144588 -0.981756 0.123486 -0.746542 -0.190143 -0.637590 0.649438 0.000000 -0.760415
-0.114437 -0.985726 0.123486 -0.770317 0.009555 -0.637590 0.627309 -0.168087 -0.760415
-0.365661 -0.922520 0.123486 -0.741596 0.208602 -0.637590 0.562430 -0.324719 -0.760415
-0.591967 -0.796446 0.123486 -0.662337 0.393433 -0.637590 0.459222 -0.459222 -0.760415
-0.777932 -0.616095 0.123486 -0.537940 0.551453 -0.637590 0.324719 -0.562430 -0.760415
-0.910882 -0.393759 0.123486 -0.376884 0.671892 -0.637590 0.168087 -0.627309 -0.760415
-0.549726 0.390654 -0.738370 0.835345 0.257083 -0.485909 0.000000 -0.883910 -0.467657
-0.429886 0.519623 -0.738370 0.873419 0.032120 -0.485909 -0.228773 -0.853792 -0.467657
-0.280750 0.613180 -0.738370 0.851972 -0.195032 -0.485909 -0.441955 -0.765489 -0.467657
-0.112480 0.664950 -0.738370 0.772463 -0.408893 -0.485909 -0.625019 -0.625019 -0.467657
0.063454 0.671404 -0.738370 0.640313 -0.594889 -0.485909 -0.765489 -0.441955 -0.467657
0.235064 0.632104 -0.738370 0.464527 -0.740343 -0.485909 -0.853792 -0.228773 -0.467657
0.390655 0.549726 -0.738370 0.257083 -0.835345 -0.485909 -0.883910 0.000000 -0.467657
0.519623 0.429886 -0.738370 0.032120 -0.873419 -0.485909 -0.853792 0.228773 -0.467657
0.613180 0.280750 -0.738370 -0.195032 -0.851972 -0.485909 -0.765489 0.441955 -0.467657
0.664950 0.112480 -0.738370 -0.408893 -0.772463 -0.485909 -0.625019 0.625019 -0.467657
0.671404 -0.063454 -0.738370 -0.594888 -0.640313 -0.485909 -0.441955 0.765489 -0.467657
0.632103 -0.235064 -0.738370 -0.740343 -0.464526 -0.485909 -0.228772 0.853792 -0.467657
0.549726 -0.390655 -0.738370 -0.835345 -0.257083 -0.485909 0.000000 0.883910 -0.467657
0.429886 -0.519623 -0.738370 -0.873419 -0.032120 -0.485909 0.228772 0.853792 -0.467657
0.280749 -0.613180 -0.738370 -0.851971 0.195032 -0.485909 0.441955 0.765489 -0.467657
0.112481 -0.664950 -0.738370 -0.772463 0.408893 -0.485909 0.625019 0.625019 -0.467657
-0.063454 -0.671404 -0.738370 -0.640313 0.594889 -0.485909 0.765489 0.441955 -0.467657
-0.235064 -0.632104 -0.738370 -0.464526 0.740343 -0.485909 0.853792 0.228773 -0.467657
-0.390654 -0.549726 -0.738370 -0.257083 0.835345 -0.485909 0.883910 0.000000 -0.467657
-0.519623 -0.429886 -0.738370 -0.032120 0.873419 -0.485909 0.853792 -0.228773 -0.467657
-0.613180 -0.280750 -0.738370 0.195032 0.851972 -0.485909 0.765489 -0.441955 -0.467657
-0.664950 -0.112481 -0.738370 0.408893 0.772464 -0.485909 0.625019 -0.625019 -0.467657
-0.671404 0.063454 -0.738370 0.594889 0.640313 -0.485909 0.441955 -0.765489 -0.467657
-0.632104 0.235064 -0.738370 0.740343 0.464527 -0.485909 0.228773 -0.853792 -0.467657
-0.923523 0.268606 0.273782 -0.383544 -0.646768 -0.659230 0.000000 -0.713822 0.700328
-0.822534 0.498480 0.273782 -0.537871 -0.525461 -0.659230 -0.184751 -0.689499 0.700328
-0.665491 0.694381 0.273782 -0.655543 -0.368346 -0.659230 -0.356911 -0.618188 0.700328
-0.463095 0.842963 0.273782 -0.728541 -0.186127 -0.659230 -0.504748 -0.504748 0.700328
-0.229141 0.934097 0.273782 -0.751890 0.008775 -0.659230 -0.618188 -0.356911 0.700328
0.020429 0.961575 0.273782 -0.723999 0.203079 -0.659230 -0.689499 -0.184751 0.700328
0.268607 0.923522 0.273782 -0.646768 0.383544 -0.659230 -0.713822 0.000000 0.700328
0.498479 0.822534 0.273782 -0.525462 0.537871 -0.659230 -0.689499 0.184751 0.700328
0.694381 0.665491 0.273782 -0.368346 0.655543 -0.659230 -0.618188 0.356910 0.700328
0.842963 0.463095 0.273782 -0.186127 0.728541 -0.659230 -0.504748 0.504748 0.700328
0.934097 0.229141 0.273782 0.008775 0.751890 -0.659230 -0.356911 0.618188 0.700328
0.961575 -0.020429 0.273782 0.203080 0.723999 -0.659230 -0.184750 0.689499 0.700328
0.923523 -0.268607 0.273782 0.383544 0.646768 -0.659230 0.000000 0.713822 0.700328
0.822534 -0.498479 0.273782 0.537871 0.525462 -0.659230 0.184750 0.689499 0.700328
0.665490 -0.694382 0.273782 0.655543 0.368345 -0.659230 0.356911 0.618188 0.700328
0.463096 -0.842963 0.273782 0.728541 0.186128 -0.659230 0.504748 0.504748 0.700328
0.229141 -0.934097 0.273782 0.751890 -0.008775 -0.659230 0.618188 0.356910 0.700328
-0.020429 -0.961575 0.273782 0.723999 -0.203079 -0.659230 0.689499 0.184751 0.700328
-0.268606 -0.923523 0.273782 0.646768 -0.383544 -0.659230 0.713822 0.000000 0.700328
-0.498480 -0.822534 0.273782 0.525461 -0.537871 -0.659230 0.689499 -0.184751 0.700328
-0.694381 -0.665491 0.273782 0.368346 -0.655543 -0.659230 0.618188 -0.356911 0.700328
-0.842962 -0.463096 0.273782 0.186128 -0.728541 -0.659230 0.504748 -0.504748 0.700328
-0.934097 -0.229141 0.273782 -0.008775 -0.751890 -0.659230 0.356911 -0.618188 0.700328
-0.961575 0.020429 0.273782 -0.203079 -0.723999 -0.659230 0.184751 -0.689499 0.700328
0.623735 0.324929 0.710898 -0.781636 0.259289 0.567287 0.000000 -0.909500 0.415704
0.686579 0.152423 0.710898 -0.687894 0.452756 0.567287 -0.235396 -0.878510 0.415704
0.702635 -0.030470 0.710898 -0.547273 0.615369 0.567287 -0.454750 -0.787650 0.415704
0.670806 -0.211288 0.710898 -0.369355 0.736045 0.567287 -0.643114 -0.643113 0.415704
0.593264 -0.377706 0.710898 -0.166267 0.806561 0.567287 -0.787650 -0.454750 0.415704
0.475292 -0.518383 0.710898 0.048151 0.822111 0.567287 -0.878510 -0.235396 0.415704
0.324929 -0.623735 0.710898 0.259289 0.781636 0.567287 -0.909500 0.000000 0.415704
0.152423 -0.686579 0.710898 0.452756 0.687894 0.567287 -0.878510 0.235396 0.415704
-0.030470 -0.702635 0.710898 0.615368 0.547273 0.567287 -0.787650 0.454750 0.415704
-0.211288 -0.670806 0.710898 0.736045 0.369355 0.567287 -0.643114 0.643114 0.415704
-0.377705 -0.593264 0.710898 0.806561 0.166268 0.567287 -0.454750 0.787650 0.415704
-0.518384 -0.475292 0.710898 0.822111 -0.048152 0.567287 -0.235396 0.878510 0.415704
-0.623735 -0.324929 0.710898 0.781636 -0.259289 0.567287 0.000000 0.909500 0.415704
-0.686579 -0.152423 0.710898 0.687894 -0.452756 0.567287 0.235396 0.878510 0.415704
-0.702635 0.030471 0.710898 0.547272 -0.615369 0.567287 0.454750 0.787650 0.415704
-0.670807 0.211287 0.710898 0.369355 -0.736045 0.567287 0.643114 0.643114 0.415704
-0.593264 0.377706 0.710898 0.166267 -0.806561 0.567287 0.787650 0.454750 0.415704
-0.475292 0.518384 0.710898 -0.048151 -0.822111 0.567287 0.878510 0.235396 0.415704
-0.324929 0.623735 0.710898 -0.259289 -0.781636 0.567287 0.909500 0.000000 0.415704
-0.152423 0.686579 0.710898 -0.452756 -0.687894 0.567287 0.878510 -0.235396 0.415704
0.030470 0.702635 0.710898 -0.615369 -0.547273 0.567287 0.787650 -0.454750 0.415704
0.211287 0.670807 0.710898 -0.736045 -0.369356 0.567287 0.643114 -0.643113 0.415704
0.377706 0.593264 0.710898 -0.806561 -0.166267 0.567287 0.454750 -0.787650 0.415704
0.518383 0.475292 0.710898 -0.822111 0.048151 0.567287 0.235396 -0.878510 0.415704
-0.893735 -0.056093 -0.445075 0.448596 -0.111753 -0.886720 0.000000 -0.992152 0.125040
-0.877799 0.177135 -0.445075 0.404387 -0.224050 -0.886720 -0.256788 -0.958345 0.125040
-0.802043 0.398290 -0.445075 0.332619 -0.321079 -0.886720 -0.496076 -0.859229 0.125040
-0.671629 0.592303 -0.445075 0.238184 -0.396227 -0.886720 -0.701558 -0.701557 0.125040
-0.495445 0.745951 -0.445075 0.127517 -0.444372 -0.886720 -0.859229 -0.496076 0.125040
-0.285497 0.848763 -0.445075 0.008161 -0.462234 -0.886720 -0.958345 -0.256788 0.125040
-0.056092 0.893735 -0.445075 -0.111753 -0.448596 -0.886720 -0.992152 0.000000 0.125040
0.177134 0.877799 -0.445075 -0.224050 -0.404387 -0.886720 -0.958345 0.256788 0.125040
0.398289 0.802043 -0.445075 -0.321079 -0.332619 -0.886720 -0.859229 0.496075 0.125040
0.592302 0.671629 -0.445075 -0.396227 -0.238184 -0.886720 -0.701557 0.701557 0.125040
0.745950 0.495445 -0.445075 -0.444372 -0.127518 -0.886720 -0.496076 0.859228 0.125040
0.848764 0.285496 -0.445075 -0.462234 -0.008160 -0.886720 -0.256787 0.958345 0.125040
0.893735 0.056093 -0.445075 -0.448596 0.111753 -0.886720 0.000000 0.992152 0.125040
0.877799 -0.177134 -0.445075 -0.404387 0.224050 -0.886720 0.256787 0.958345 0.125040
0.802043 -0.398290 -0.445075 -0.332619 0.321079 -0.886720 0.496076 0.859228 0.125040
0.671629 -0.592302 -0.445075 -0.238184 0.396226 -0.886720 0.701557 0.701557 0.125040
0.495444 -0.745951 -0.445075 -0.127517 0.444372 -0.886720 0.859229 0.496075 0.125040
0.285497 -0.848764 -0.445075 -0.008160 0.462234 -0.886720 0.958345 0.256788 0.125040
0.056093 -0.893735 -0.445075 0.111753 0.448596 -0.886720 0.992152 0.000000 0.125040
-0.177135 -0.877799 -0.445075 0.224050 0.404387 -0.886720 0.958345 -0.256788 0.125040
-0.398290 -0.802043 -0.445075 0.321079 0.332619 -0.886720 0.859229 -0.496076 0.125040
-0.592302 -0.671629 -0.445075 0.396226 0.238184 -0.886720 0.701558 -0.701557 0.125040
-0.745951 -0.495445 -0.445075 0.444372 0.127517 -0.886720 0.496076 -0.859229 0.125040
-0.848763 -0.285497 -0.445075 0.462234 0.008161 -0.886720 0.256788 -0.958345 0.125040
0.928684 0.236149 0.285973 -0.370873 0.591329 0.716089 0.000000 -0.771080 0.636739
0.958159 -0.012259 0.285973 -0.205188 0.667169 0.716089 -0.199570 -0.744806 0.636739
0.922338 -0.259830 0.285973 -0.025521 0.697542 0.716089 -0.385540 -0.667775 0.636739
0.823661 -0.489696 0.285973 0.155886 0.680379 0.716089 -0.545236 -0.545235 0.636739
0.668853 -0.686189 0.285973 0.326669 0.616850 0.716089 -0.667775 -0.385540 0.636739
0.468464 -0.835919 0.285973 0.475191 0.511283 0.716089 -0.744806 -0.199570 0.636739
0.236149 -0.928684 0.285973 0.591329 0.370873 0.716089 -0.771080 0.000000 0.636739
-0.012258 -0.958159 0.285973 0.667169 0.205189 0.716089 -0.744806 0.199570 0.636739
-0.259830 -0.922338 0.285973 0.697542 0.025521 0.716089 -0.667775 0.385539 0.636739
-0.489696 -0.823661 0.285973 0.680379 -0.155886 0.716089 -0.545236 0.545236 0.636739
-0.686189 -0.668853 0.285973 0.616850 -0.326669 0.716089 -0.385540 0.667774 0.636739
-0.835920 -0.468463 0.285973 0.511283 -0.475191 0.716089 -0.199570 0.744806 0.636739
-0.928684 -0.236149 0.285973 0.370873 -0.591329 0.716089 0.000000 0.771080 0.636739
-0.958159 0.012258 0.285973 0.205189 -0.667169 0.716089 0.199570 0.744806 0.636739
-0.922338 0.259831 0.285973 0.025521 -0.697542 0.716089 0.385540 0.667774 0.636739
-0.823661 0.489696 0.285973 -0.155886 -0.680379 0.716089 0.545236 0.545236 0.636739
-0.668853 0.686189 0.285973 -0.326670 -0.616850 0.716089 0.667775 0.385539 0.636739
-0.468463 0.835920 0.285973 -0.475191 -0.511283 0.716089 0.744806 0.199570 0.636739
-0.236149 0.928684 0.285973 -0.591329 -0.370873 0.716089 0.771080 0.000000 0.636739
0.012259 0.958159 0.285973 -0.667169 -0.205188 0.716089 0.744806 -0.199570 0.636739
0.259831 0.922338 0.285973 -0.697542 -0.025521 0.716089 0.667775 -0.385540 0.636739
0.489695 0.823661 0.285973 -0.680379 0.155886 0.716089 0.545236 -0.545235 0.636739
0.686189 0.668853 0.285973 -0.616850 0.326669 0.716089 0.385540 -0.667775 0.636739
0.835919 0.468464 0.285973 -0.511283 0.475191 0.716089 0.199570 -0.744806 0.636739
-0.894734 0.384085 0.227880 -0.446599 -0.769492 -0.456543 0.000000 -0.510256 0.860023
-0.764838 0.602573 0.227880 -0.630541 -0.627683 -0.456543 -0.132064 -0.492869 0.860023
-0.582820 0.779995 0.227880 -0.771512 -0.443100 -0.456543 -0.255128 -0.441894 0.860023
-0.361082 0.904262 0.227880 -0.859906 -0.228319 -0.456543 -0.360805 -0.360805 0.860023
-0.114739 0.966905 0.227880 -0.889699 0.002021 -0.456543 -0.441894 -0.255128 0.860023
0.139424 0.963655 0.227880 -0.858860 0.232223 -0.456543 -0.492869 -0.132064 0.860023
0.384086 0.894734 0.227880 -0.769492 0.446600 -0.456543 -0.510256 0.000000 0.860023
0.602572 0.764838 0.227880 -0.627684 0.630541 -0.456543 -0.492869 0.132064 0.860023
0.779995 0.582820 0.227880 -0.443100 0.771512 -0.456543 -0.441894 0.255128 0.860023
0.904262 0.361083 0.227880 -0.228319 0.859906 -0.456543 -0.360805 0.360805 0.860023
0.966905 0.114739 0.227880 0.002020 0.889699 -0.456543 -0.255128 0.441894 0.860023
0.963655 -0.139424 0.227880 0.232223 0.858860 -0.456543 -0.132064 0.492869 0.860023
0.894734 -0.384086 0.227880 0.446599 0.769492 -0.456543 0.000000 0.510256 0.860023
0.764838 -0.602572 0.227880 0.630541 0.627684 -0.456543 0.132064 0.492869 0.860023
0.582819 -0.779995 0.227880 0.771512 0.443099 -0.456543 0.255128 0.441894 0.860023
0.361083 -0.904262 0.227880 0.859906 0.228319 -0.456543 0.360805 0.360805 0.860023
0.114739 -0.966905 0.227880 0.889699 -0.002021 -0.456543 0.441894 0.255128 0.860023
-0.139424 -0.963655 0.227880 0.858860 -0.232223 -0.456543 0.492869 0.132064 0.860023
-0.384085 -0.894734 0.227880 0.769492 -0.446599 -0.456543 0.510256 0.000000 0.860023
-0.602573 -0.764838 0.227880 0.627683 -0.630541 -0.456543 0.492869 -0.132064 0.860023
-0.779995 -0.582820 0.227880 0.443100 -0.771512 -0.456543 0.441894 -0.255128 0.860023
-0.904262 -0.361083 0.227880 0.228320 -0.859906 -0.456543 0.360805 -0.360805 0.860023
-0.966905 -0.114739 0.227880 -0.002021 -0.889699 -0.456543 0.255128 -0.441894 0.860023
-0.963655 0.139424 0.227880 -0.232222 -0.858860 -0.456543 0.132064 -0.492869 0.860023
0.959104 -0.134122 -0.249261 0.283055 0.454461 0.844598 0.000000 -0.880611 0.473839
0.891710 -0.377787 -0.249261 0.391033 0.365715 0.844598 -0.227919 -0.850605 0.473839
0.763547 -0.595705 -0.249261 0.472363 0.252047 0.844598 -0.440306 -0.762632 0.473839
0.583350 -0.773028 -0.249261 0.521502 0.121202 0.844598 -0.622687 -0.622686 0.473839
0.363398 -0.897669 -0.249261 0.535102 -0.017902 0.844598 -0.762632 -0.440306 0.473839
0.118682 -0.961137 -0.249261 0.512236 -0.155787 0.844598 -0.850605 -0.227919 0.473839
-0.134123 -0.959104 -0.249261 0.454461 -0.283055 0.844598 -0.880611 0.000000 0.473839
-0.377787 -0.891710 -0.249261 0.365716 -0.391033 0.844598 -0.850605 0.227919 0.473839
-0.595705 -0.763547 -0.249261 0.252048 -0.472363 0.844598 -0.762632 0.440305 0.473839
-0.773028 -0.583350 -0.249261 0.121202 -0.521502 0.844598 -0.622686 0.622686 0.473839
-0.897669 -0.363399 -0.249261 -0.017902 -0.535102 0.844598 -0.440306 0.762632 0.473839
-0.961137 -0.118682 -0.249261 -0.155787 -0.512235 0.844598 -0.227919 0.850605 0.473839
-0.959104 0.134122 -0.249261 -0.283055 -0.454461 0.844598 0.000000 0.880611 0.473839
-0.891710 0.377786 -0.249261 -0.391033 -0.365716 0.844598 0.227919 0.850605 0.473839
-0.763547 0.595706 -0.249261 -0.472363 -0.252047 0.844598 0.440306 0.762632 0.473839
-0.583350 0.773028 -0.249261 -0.521502 -0.121203 0.844598 0.622686 0.622686 0.473839
-0.363398 0.897670 -0.249261 -0.535102 0.017902 0.844598 0.762632 0.440305 0.473839
-0.118682 0.961137 -0.249261 -0.512236 0.155787 0.844598 0.850605 0.227919 0.473839
0.134122 0.959104 -0.249261 -0.454461 0.283055 0.844598 0.880611 0.000000 0.473839
0.377787 0.891710 -0.249261 -0.365716 0.391033 0.844598 0.850605 -0.227919 0.473839
0.595705 0.763547 -0.249261 -0.252047 0.472363 0.844598 0.762632 -0.440306 0.473839
0.773027 0.583350 -0.249261 -0.121203 0.521502 0.844598 0.622687 -0.622686 0.473839
0.897669 0.363398 -0.249261 0.017902 0.535102 0.844598 0.440306 -0.762632 0.473839
0.961137 0.118682 -0.249261 0.155787 0.512236 0.844598 0.227919 -0.850605 0.473839
0.965583 -0.180771 -0.187006 0.260095 0.671099 0.694245 0.000000 -0.718991 0.695020
0.885894 -0.424523 -0.187006 0.424926 0.580914 0.694245 -0.186089 -0.694492 0.695020
0.745834 -0.639344 -0.187006 0.560798 0.451142 0.694245 -0.359495 -0.622664 0.695020
0.554945 -0.810595 -0.187006 0.658454 0.290624 0.694245 -0.508403 -0.508403 0.695020
0.326239 -0.926605 -0.187006 0.711236 0.110301 0.694245 -0.622664 -0.359495 0.695020
0.075300 -0.979469 -0.187006 0.715550 -0.077539 0.694245 -0.694492 -0.186089 0.695020
-0.180771 -0.965583 -0.187006 0.671099 -0.260095 0.694245 -0.718991 0.000000 0.695020
-0.424523 -0.885895 -0.187006 0.580915 -0.424926 0.694245 -0.694492 0.186088 0.695020
-0.639344 -0.745834 -0.187006 0.451142 -0.560798 0.694245 -0.622664 0.359495 0.695020
-0.810595 -0.554946 -0.187006 0.290624 -0.658454 0.694245 -0.508403 0.508403 0.695020
-0.926605 -0.326239 -0.187006 0.110301 -0.711236 0.694245 -0.359495 0.622664 0.695020
-0.979469 -0.075299 -0.187006 -0.077539 -0.715550 0.694245 -0.186088 0.694492 0.695020
