-0.991126 -0.105034 0.0814711 -0.132927 0.781993 -0.608948 0.000250263 -0.614374 -0.789015
-0.994275 0.0691337 0.0814711 0.00525472 0.793192 -0.608948 -0.106721 -0.605034 -0.789015
-0.967293 0.240222 0.0814711 0.142495 0.780306 -0.608948 -0.209855 -0.577422 -0.789015
-0.910695 0.404967 0.0814711 0.276177 0.743578 -0.608948 -0.307184 -0.532066 -0.789015
-0.826277 0.557341 0.0814711 0.401421 0.684136 -0.608948 -0.395129 -0.470456 -0.789015
-0.717312 0.691973 0.0814711 0.5138 0.604311 -0.608948 -0.47061 -0.394946 -0.789015
-0.585878 0.806294 0.0814711 0.611168 0.505624 -0.608948 -0.532185 -0.306977 -0.789015
-0.437443 0.895548 0.0814711 0.689475 0.392182 -0.608948 -0.577294 -0.210208 -0.789015
-0.274839 0.958032 0.0814711 0.747226 0.266149 -0.608948 -0.605076 -0.106486 -0.789015
-0.104832 0.991147 0.0814711 0.78202 0.132768 -0.608948 -0.614374 -0.000125132 -0.789015
0.0693362 0.994261 0.0814711 0.793191 -0.00541627 -0.608948 -0.605012 0.106844 -0.789015
0.240419 0.967244 0.0814711 0.780277 -0.142654 -0.608948 -0.57738 0.209973 -0.789015
0.405152 0.910612 0.0814711 0.743522 -0.276328 -0.608948 -0.532003 0.307292 -0.789015
0.556682 0.826721 0.0814711 0.684456 -0.400877 -0.608948 -0.47077 0.394754 -0.789015
0.692119 0.717171 0.0814711 0.604206 -0.513923 -0.608948 -0.39485 0.47069 -0.789015
0.805827 0.58652 0.0814711 0.50611 -0.610765 -0.608948 -0.307401 0.53194 -0.789015
0.895637 0.437261 0.0814711 0.392041 -0.689555 -0.608948 -0.21009 0.577337 -0.789015
0.957813 0.275602 0.0814711 0.266744 -0.747014 -0.608948 -0.106968 0.604991 -0.789015
0.991169 0.10463 0.0814711 0.132608 -0.782047 -0.608948 0 0.614374 -0.789015
0.994247 -0.0695387 0.0814711 -0.00557782 -0.79319 -0.608948 0.106968 0.604991 -0.789015
0.967195 -0.240616 0.0814711 -0.142813 -0.780248 -0.608948 0.21009 0.577337 -0.789015
0.910529 -0.405338 0.0814711 -0.27648 -0.743465 -0.608948 0.307401 0.53194 -0.789015
0.826607 -0.556851 0.0814711 -0.401016 -0.684374 -0.608948 0.39485 0.47069 -0.789015
0.71703 -0.692265 0.0814711 -0.514046 -0.604101 -0.608948 0.47077 0.394754 -0.789015
0.586356 -0.805946 0.0814711 -0.610868 -0.505986 -0.608948 0.532003 0.307292 -0.789015
0.437078 -0.895726 0.0814711 -0.689634 -0.391901 -0.608948 0.57738 0.209973 -0.789015
0.275407 -0.957869 0.0814711 -0.747068 -0.266591 -0.608948 0.605012 0.106844 -0.789015
0.104428 -0.99119 0.0814711 -0.782074 -0.132449 -0.608948 0.614374 -0.000125132 -0.789015
-0.0687469 -0.994302 0.0814711 -0.793194 0.00494618 -0.608948 0.605076 -0.106486 -0.789015
-0.240813 -0.967146 0.0814711 -0.780218 0.142972 -0.608948 0.577294 -0.210208 -0.789015
-0.404612 -0.910852 0.0814711 -0.743685 0.275887 -0.608948 0.532185 -0.306977 -0.789015
-0.557019 -0.826494 0.0814711 -0.684293 0.401155 -0.608948 0.47061 -0.394946 -0.789015
-0.691694 -0.717581 0.0814711 -0.60451 0.513565 -0.608948 0.395129 -0.470456 -0.789015
-0.806066 -0.586191 0.0814711 -0.505862 0.610971 -0.608948 0.307184 -0.532066 -0.789015
-0.895815 -0.436896 0.0814711 -0.39176 0.689714 -0.608948 0.209855 -0.577422 -0.789015
-0.957925 -0.275212 0.0814711 -0.266439 0.747122 -0.608948 0.106721 -0.605034 -0.789015
-0.739779 -0.0896573 0.66685 -0.67285 0.0979809 -0.733262 0.000403738 -0.991141 -0.13281
-0.74409 0.0405137 0.66685 -0.645514 0.213633 -0.733262 -0.172168 -0.976074 -0.13281
-0.725841 0.168721 0.66685 -0.598782 0.322161 -0.733262 -0.33855 -0.931529 -0.13281
-0.685379 0.292519 0.66685 -0.533545 0.421493 -0.733262 -0.495565 -0.858357 -0.13281
-0.623981 0.407381 0.66685 -0.452011 0.50795 -0.733262 -0.637443 -0.758965 -0.13281
-0.544032 0.509256 0.66685 -0.357248 0.578533 -0.733262 -0.759213 -0.637148 -0.13281
-0.447057 0.596198 0.66685 -0.251064 0.631897 -0.733262 -0.858549 -0.495232 -0.13281
-0.337091 0.664591 0.66685 -0.137877 0.66582 -0.733262 -0.931322 -0.339119 -0.13281
-0.216231 0.713131 0.66685 -0.0198461 0.679657 -0.733262 -0.97614 -0.171789 -0.13281
-0.0895066 0.739797 0.66685 0.098118 0.67283 -0.733262 -0.991141 -0.000201869 -0.13281
0.0406652 0.744082 0.66685 0.213764 0.64547 -0.733262 -0.976038 0.172367 -0.13281
0.168869 0.725806 0.66685 0.322283 0.598716 -0.733262 -0.93146 0.338739 -0.13281
0.292659 0.685319 0.66685 0.421602 0.533459 -0.733262 -0.858256 0.49574 -0.13281
0.406884 0.624305 0.66685 0.50759 0.452415 -0.733262 -0.759472 0.636839 -0.13281
0.509366 0.543928 0.66685 0.578606 0.35713 -0.733262 -0.636993 0.759342 -0.13281
0.595842 0.447531 0.66685 0.631697 0.251567 -0.733262 -0.495915 0.858155 -0.13281
0.66466 0.336955 0.66685 0.665849 0.137741 -0.733262 -0.338929 0.931391 -0.13281
0.712959 0.216799 0.66685 0.67964 0.0203873 -0.733262 -0.172566 0.976003 -0.13281
0.739816 0.0893559 0.66685 0.67281 -0.098255 -0.733262 0 0.991142 -0.13281
0.744074 -0.0408168 0.66685 0.645427 -0.213896 -0.733262 0.172566 0.976003 -0.13281
0.725772 -0.169017 0.66685 0.59865 -0.322405 -0.733262 0.338929 0.931391 -0.13281
0.68526 -0.292798 0.66685 0.533374 -0.42171 -0.733262 0.495915 0.858155 -0.13281
0.624222 -0.407012 0.66685 0.452312 -0.507682 -0.733262 0.636993 0.759342 -0.13281
0.543824 -0.509477 0.66685 0.357012 -0.578679 -0.733262 0.759472 0.636839 -0.13281
0.44741 -0.595933 0.66685 0.251438 -0.631748 -0.733262 0.858256 0.49574 -0.13281
0.33682 -0.664729 0.66685 0.137605 -0.665877 -0.733262 0.93146 0.338739 -0.13281
0.216654 -0.713003 0.66685 0.0202489 -0.679645 -0.733262 0.976038 0.172367 -0.13281
0.0892052 -0.739834 0.66685 -0.098392 -0.67279 -0.733262 0.991141 -0.000201869 -0.13281
-0.0402242 -0.744106 0.66685 -0.213382 -0.645597 -0.733262 0.97614 -0.171789 -0.13281
-0.169165 -0.725738 0.66685 -0.322526 -0.598585 -0.733262 0.931322 -0.339119 -0.13281
-0.292253 -0.685493 0.66685 -0.421285 -0.533709 -0.733262 0.858549 -0.495232 -0.13281
-0.407139 -0.624139 0.66685 -0.507774 -0.452208 -0.733262 0.759213 -0.637148 -0.13281
-0.509044 -0.54423 0.66685 -0.578394 -0.357473 -0.733262 0.637443 -0.758965 -0.13281
-0.596024 -0.447289 0.66685 -0.631799 -0.25131 -0.733262 0.495565 -0.858357 -0.13281
-0.664797 -0.336684 0.66685 -0.665905 -0.13747 -0.733262 0.33855 -0.931529 -0.13281
-0.713047 -0.216509 0.66685 -0.679649 -0.0201105 -0.733262 0.172168 -0.976074 -0.13281
-0.856128 -0.0853229 0.509672 -0.516764 0.140588 -0.844506 0.0004018 -0.986385 -0.164453
-0.857907 0.0650391 0.509672 -0.484394 0.228414 -0.844506 -0.171342 -0.971389 -0.164453
-0.833693 0.212581 0.509672 -0.437536 0.308825 -0.844506 -0.336925 -0.927058 -0.164453
-0.783948 0.354487 0.509672 -0.377084 0.380286 -0.844506 -0.493187 -0.854237 -0.164453
-0.710255 0.485564 0.509672 -0.305114 0.440131 -0.844506 -0.634384 -0.755322 -0.164453
-0.615468 0.601194 0.509672 -0.22431 0.486308 -0.844506 -0.755569 -0.63409 -0.164453
-0.501395 0.69917 0.509672 -0.136214 0.517934 -0.844506 -0.854429 -0.492855 -0.164453
-0.372781 0.775415 0.509672 -0.0444902 0.533695 -0.844506 -0.926852 -0.337491 -0.164453
-0.232081 0.828476 0.509672 0.04911 0.53329 -0.844506 -0.971456 -0.170964 -0.164453
-0.0851485 0.856145 0.509672 0.140693 0.516735 -0.844506 -0.986385 -0.0002009 -0.164453
0.0652139 0.857894 0.509672 0.228512 0.484347 -0.844506 -0.971354 0.17154 -0.164453
0.212751 0.83365 0.509672 0.308914 0.437473 -0.844506 -0.926989 0.337114 -0.164453
0.354646 0.783875 0.509672 0.380363 0.377007 -0.844506 -0.854137 0.493361 -0.164453
0.484998 0.710641 0.509672 0.439888 0.305464 -0.844506 -0.755827 0.633783 -0.164453
0.601319 0.615345 0.509672 0.486354 0.224211 -0.844506 -0.633936 0.755698 -0.164453
0.69877 0.501951 0.509672 0.517826 0.136626 -0.844506 -0.493535 0.854036 -0.164453
0.775491 0.372623 0.509672 0.533704 0.0443815 -0.844506 -0.337302 0.926921 -0.164453
0.828291 0.232741 0.509672 0.533329 -0.0486853 -0.844506 -0.171738 0.971319 -0.164453
0.856162 0.0849741 0.509672 0.516707 -0.140799 -0.844506 0 0.986385 -0.164453
0.857881 -0.0653886 0.509672 0.484301 -0.228611 -0.844506 0.171738 0.971319 -0.164453
0.833606 -0.21292 0.509672 0.43741 -0.309003 -0.844506 0.337302 0.926921 -0.164453
0.783803 -0.354806 0.509672 0.376929 -0.38044 -0.844506 0.493535 0.854036 -0.164453
0.710543 -0.485143 0.509672 0.305375 -0.439951 -0.844506 0.633936 0.755698 -0.164453
0.615223 -0.601445 0.509672 0.224112 -0.486399 -0.844506 0.755827 0.633783 -0.164453
0.501809 -0.698872 0.509672 0.13652 -0.517854 -0.844506 0.854137 0.493361 -0.164453
0.372465 -0.775567 0.509672 0.0442728 -0.533714 -0.844506 0.926989 0.337114 -0.164453
0.232572 -0.828339 0.509672 -0.048794 -0.533319 -0.844506 0.971354 0.17154 -0.164453
0.0847997 -0.85618 0.509672 -0.140904 -0.516678 -0.844506 0.986385 -0.0002009 -0.164453
-0.0647054 -0.857932 0.509672 -0.228225 -0.484483 -0.844506 0.971456 -0.170964 -0.164453
-0.21309 -0.833563 0.509672 -0.309092 -0.437347 -0.844506 0.926852 -0.337491 -0.164453
-0.354182 -0.784085 0.509672 -0.38014 -0.377232 -0.844506 0.854429 -0.492855 -0.164453
-0.485288 -0.710444 0.509672 -0.440013 -0.305285 -0.844506 0.755569 -0.63409 -0.164453
-0.600954 -0.615702 0.509672 -0.486221 -0.224499 -0.844506 0.634384 -0.755322 -0.164453
-0.698974 -0.501667 0.509672 -0.517881 -0.136415 -0.844506 0.493187 -0.854237 -0.164453
-0.775643 -0.372307 0.509672 -0.533723 -0.0441641 -0.844506 0.336925 -0.927058 -0.164453
-0.828386 -0.232404 0.509672 -0.533309 0.0489026 -0.844506 0.171342 -0.971389 -0.164453
0.0213862 -0.452066 0.891728 -0.999771 -0.00999433 0.0189107 0.000363324 -0.891929 -0.452176
-0.0576488 -0.448885 0.891728 -0.986241 0.164227 0.0189107 -0.154934 -0.878369 -0.452176
-0.134491 -0.432126 0.891728 -0.942918 0.332488 0.0189107 -0.304661 -0.838283 -0.452176
-0.207673 -0.40211 0.891728 -0.870627 0.49158 0.0189107 -0.44596 -0.772436 -0.452176
-0.274512 -0.359811 0.891728 -0.771742 0.635655 0.0189107 -0.573636 -0.682993 -0.452176
-0.332659 -0.306854 0.891728 -0.650042 0.759663 0.0189107 -0.683216 -0.57337 -0.452176
-0.381004 -0.244248 0.891728 -0.50785 0.861238 0.0189107 -0.772609 -0.445659 -0.452176
-0.417535 -0.1746 0.891728 -0.351081 0.936154 0.0189107 -0.838097 -0.305173 -0.452176
-0.441557 -0.0992365 0.891728 -0.182727 0.982982 0.0189107 -0.878429 -0.154593 -0.452176
-0.45207 -0.0212942 0.891728 -0.0097907 0.999773 0.0189107 -0.891929 -0.000181662 -0.452176
-0.448873 0.0577402 0.891728 0.164427 0.986208 0.0189107 -0.878337 0.155113 -0.452176
-0.432099 0.134579 0.891728 0.33268 0.94285 0.0189107 -0.838221 0.304832 -0.452176
-0.402068 0.207755 0.891728 0.491757 0.870527 0.0189107 -0.772345 0.446117 -0.452176
-0.36003 0.274225 0.891728 0.63504 0.772248 0.0189107 -0.683449 0.573092 -0.452176
-0.306786 0.332721 0.891728 0.759795 0.649887 0.0189107 -0.573231 0.683332 -0.452176
-0.244552 0.380809 0.891728 0.860833 0.508536 0.0189107 -0.446274 0.772254 -0.452176
-0.174515 0.417571 0.891728 0.936226 0.350891 0.0189107 -0.305002 0.838159 -0.452176
-0.0995881 0.441478 0.891728 0.982836 0.18351 0.0189107 -0.155292 0.878306 -0.452176
-0.0212021 0.452075 0.891728 0.999775 0.00958708 0.0189107 0 0.891929 -0.452176
0.0578316 0.448861 0.891728 0.986174 -0.164628 0.0189107 0.155292 0.878306 -0.452176
0.134667 0.432071 0.891728 0.942782 -0.332872 0.0189107 0.305002 0.838159 -0.452176
0.207837 0.402026 0.891728 0.870427 -0.491934 0.0189107 0.446274 0.772254 -0.452176
0.274299 0.359974 0.891728 0.772118 -0.635197 0.0189107 0.573231 0.683332 -0.452176
0.332784 0.306718 0.891728 0.649732 -0.759928 0.0189107 0.683449 0.573092 -0.452176
0.380859 0.244474 0.891728 0.50836 -0.860937 0.0189107 0.772345 0.446117 -0.452176
0.417607 0.174429 0.891728 0.3507 -0.936297 0.0189107 0.838221 0.304832 -0.452176
0.441499 0.0994982 0.891728 0.183309 -0.982873 0.0189107 0.878337 0.155113 -0.452176
0.452079 0.02111 0.891728 0.00938345 -0.999777 0.0189107 0.891929 -0.000181662 -0.452176
0.448907 -0.0574741 0.891728 -0.163843 -0.986305 0.0189107 0.878429 -0.154593 -0.452176
0.432044 -0.134755 0.891728 -0.333064 -0.942714 0.0189107 0.838097 -0.305173 -0.452176
0.402191 -0.207517 0.891728 -0.491241 -0.870818 0.0189107 0.772609 -0.445659 -0.452176
0.359918 -0.274372 0.891728 -0.635355 -0.771989 0.0189107 0.683216 -0.57337 -0.452176
0.306983 -0.332539 0.891728 -0.75941 -0.650337 0.0189107 0.573636 -0.682993 -0.452176
0.244396 -0.380908 0.891728 -0.86104 -0.508185 0.0189107 0.44596 -0.772436 -0.452176
0.174344 -0.417642 0.891728 -0.936368 -0.350509 0.0189107 0.304661 -0.838283 -0.452176
0.0994083 -0.441519 0.891728 -0.982911 -0.183109 0.0189107 0.154934 -0.878369 -0.452176
0.49044 -0.835566 -0.247584 0.871475 0.470269 0.139205 0.000115701 -0.284035 0.958814
0.33747 -0.908194 -0.247584 0.940042 0.311355 0.139205 -0.0493389 -0.279717 0.958814
0.175145 -0.952904 -0.247584 0.979751 0.143911 0.139205 -0.0970194 -0.266952 0.958814
0.00656137 -0.968844 -0.247584 0.989843 -0.0288698 0.139205 -0.142016 -0.245983 0.958814
-0.162223 -0.955189 -0.247584 0.969698 -0.200768 0.139205 -0.182675 -0.217499 0.958814
-0.325138 -0.912681 -0.247584 0.920298 -0.365614 0.139205 -0.21757 -0.18259 0.958814
-0.479078 -0.842132 -0.247584 0.842585 -0.520261 0.139205 -0.246038 -0.14192 0.958814
-0.617636 -0.746477 -0.247584 0.739793 -0.658277 0.139205 -0.266892 -0.0971825 0.958814
-0.738171 -0.62754 -0.247584 0.613882 -0.777026 0.139205 -0.279736 -0.0492301 0.958814
-0.835666 -0.49027 -0.247584 0.470092 -0.871571 0.139205 -0.284035 -5.78504e-05 0.958814
-0.908263 -0.337285 -0.247584 0.311164 -0.940106 0.139205 -0.279707 0.0493959 0.958814
-0.95294 -0.174951 -0.247584 0.143711 -0.97978 0.139205 -0.266932 0.0970738 0.958814
-0.968846 -0.00636404 -0.247584 -0.0290714 -0.989837 0.139205 -0.245954 0.142066 0.958814
-0.955318 0.161462 -0.247584 -0.199996 -0.969857 0.139205 -0.217645 0.182501 0.958814
-0.912615 0.325324 -0.247584 -0.365802 -0.920223 0.139205 -0.182546 0.217608 0.958814
-0.842513 0.478407 -0.247584 -0.51959 -0.842999 0.139205 -0.142116 0.245925 0.958814
-0.746351 0.617788 -0.247584 -0.658427 -0.739659 0.139205 -0.0971282 0.266912 0.958814
-0.628127 0.737671 -0.247584 -0.776537 -0.614501 0.139205 -0.0494528 0.279697 0.958814
-0.490099 0.835766 -0.247584 -0.871667 -0.469914 0.139205 0 0.284035 0.958814
-0.3371 0.908331 -0.247584 -0.940169 -0.310973 0.139205 0.0494528 0.279697 0.958814
-0.174757 0.952975 -0.247584 -0.979809 -0.143512 0.139205 0.0971282 0.266912 0.958814
-0.00616671 0.968847 -0.247584 -0.989831 0.029273 0.139205 0.142116 0.245925 0.958814
0.161656 0.955285 -0.247584 -0.969817 0.200194 0.139205 0.182546 0.217608 0.958814
0.32551 0.912549 -0.247584 -0.920149 0.365989 0.139205 0.217645 0.182501 0.958814
0.478579 0.842416 -0.247584 -0.842893 0.519762 0.139205 0.245954 0.142066 0.958814
0.61794 0.746225 -0.247584 -0.739525 0.658578 0.139205 0.266932 0.0970738 0.958814
0.737799 0.627977 -0.247584 -0.614343 0.776663 0.139205 0.279707 0.0493959 0.958814
0.835866 0.489929 -0.247584 -0.469736 0.871762 0.139205 0.284035 -5.78504e-05 0.958814
0.908063 0.337823 -0.247584 -0.311721 0.939921 0.139205 0.279736 -0.0492301 0.958814
0.953011 0.174563 -0.247584 -0.143312 0.979838 0.139205 0.266892 -0.0971825 0.958814
0.968842 0.00693823 -0.247584 0.0284847 0.989854 0.139205 0.246038 -0.14192 0.958814
0.955252 -0.161851 -0.247584 0.200391 0.969776 0.139205 0.21757 -0.18259 0.958814
0.912808 -0.324783 -0.247584 0.365256 0.92044 0.139205 0.182675 -0.217499 0.958814
0.842319 -0.47875 -0.247584 0.519934 0.842788 0.139205 0.142016 -0.245983 0.958814
0.746099 -0.618092 -0.247584 0.658729 0.739391 0.139205 0.0970194 -0.266952 0.958814
0.627827 -0.737927 -0.247584 0.776788 0.614185 0.139205 0.0493389 -0.279717 0.958814
-0.946896 -0.279833 0.15837 -0.321539 0.823769 -0.466924 0.000200842 -0.493051 -0.870001
-0.981155 -0.110697 0.15837 -0.173203 0.867169 -0.466924 -0.0856463 -0.485555 -0.870001
-0.985504 0.0608358 0.15837 -0.0204606 0.884061 -0.466924 -0.168414 -0.463396 -0.870001
-0.95986 0.231491 0.15837 0.133774 0.87412 -0.466924 -0.246523 -0.426996 -0.870001
-0.904895 0.395075 0.15837 0.283922 0.837478 -0.466924 -0.317101 -0.377553 -0.870001
-0.822835 0.545767 0.15837 0.424622 0.775679 -0.466924 -0.377676 -0.316954 -0.870001
-0.715245 0.680694 0.15837 0.553189 0.689902 -0.466924 -0.427092 -0.246357 -0.870001
-0.586601 0.794241 0.15837 0.664274 0.583714 -0.466924 -0.463293 -0.168697 -0.870001
-0.439357 0.884242 0.15837 0.755757 0.459143 -0.466924 -0.485588 -0.0854575 -0.870001
-0.27964 0.946953 0.15837 0.823834 0.321371 -0.466924 -0.493051 -0.000100421 -0.870001
-0.110497 0.981178 0.15837 0.867205 0.173027 -0.466924 -0.485537 0.0857452 -0.870001
0.0610365 0.985492 0.15837 0.884065 0.0202806 -0.466924 -0.463361 0.168508 -0.870001
0.231686 0.959813 0.15837 0.874093 -0.133952 -0.466924 -0.426946 0.24661 -0.870001
0.394354 0.905209 0.15837 0.837704 -0.283255 -0.466924 -0.377805 0.3168 -0.870001
0.545935 0.822724 0.15837 0.775593 -0.42478 -0.466924 -0.316877 0.37774 -0.870001
0.680124 0.715786 0.15837 0.690342 -0.552639 -0.466924 -0.246697 0.426895 -0.870001
0.794361 0.586439 0.15837 0.583579 -0.664393 -0.466924 -0.168603 0.463327 -0.870001
0.883892 0.440061 0.15837 0.459745 -0.755392 -0.466924 -0.0858441 0.48552 -0.870001
0.94701 0.279447 0.15837 0.321203 -0.8239 -0.466924 0 0.493051 -0.870001
0.9812 0.110297 0.15837 0.17285 -0.86724 -0.466924 0.0858441 0.48552 -0.870001
0.985479 -0.0612372 0.15837 0.0201005 -0.884069 -0.466924 0.168603 0.463327 -0.870001
0.959766 -0.231882 0.15837 -0.13413 -0.874066 -0.466924 0.246697 0.426895 -0.870001
0.905129 -0.394538 0.15837 -0.283426 -0.837647 -0.466924 0.316877 0.37774 -0.870001
0.822612 -0.546103 0.15837 -0.424938 -0.775506 -0.466924 0.377805 0.3168 -0.870001
0.715648 -0.68027 0.15837 -0.55278 -0.690229 -0.466924 0.426946 0.24661 -0.870001
0.586277 -0.79448 0.15837 -0.664512 -0.583444 -0.466924 0.463361 0.168508 -0.870001
0.439881 -0.883982 0.15837 -0.755485 -0.459591 -0.466924 0.485537 0.0857452 -0.870001
0.279254 -0.947067 0.15837 -0.823965 -0.321036 -0.466924 0.493051 -0.000100421 -0.870001
0.111078 -0.981112 0.15837 -0.867102 -0.17354 -0.466924 0.485588 -0.0854575 -0.870001
-0.0614379 -0.985467 0.15837 -0.884073 -0.0199204 -0.466924 0.463293 -0.168697 -0.870001
-0.231117 -0.95995 0.15837 -0.874172 0.133434 -0.466924 0.427092 -0.246357 -0.870001
-0.394723 -0.905049 0.15837 -0.837589 0.283597 -0.466924 0.377676 -0.316954 -0.870001
-0.545447 -0.823047 0.15837 -0.775844 0.42432 -0.466924 0.317101 -0.377553 -0.870001
-0.680416 -0.715509 0.15837 -0.690117 0.55292 -0.466924 0.246523 -0.426996 -0.870001
-0.794599 -0.586115 0.15837 -0.583308 0.66463 -0.466924 0.168414 -0.463396 -0.870001
-0.884071 -0.439701 0.15837 -0.459437 0.755579 -0.466924 0.0856463 -0.485555 -0.870001
-0.99813 -0.0241017 0.0561688 -0.0611202 0.387937 -0.919657 0.000375317 -0.921371 -0.388685
-0.987082 0.150049 0.0561688 0.00735629 0.392653 -0.919657 -0.160049 -0.907364 -0.388685
-0.9462 0.31867 0.0561688 0.0752227 0.385451 -0.919657 -0.314718 -0.865954 -0.388685
-0.876265 0.478544 0.0561688 0.141184 0.366467 -0.919657 -0.460681 -0.797933 -0.388685
-0.779563 0.6238 0.0561688 0.202832 0.336288 -0.919657 -0.592571 -0.705538 -0.388685
-0.659797 0.749341 0.0561688 0.257989 0.296095 -0.919657 -0.705768 -0.592297 -0.388685
-0.519254 0.852772 0.0561688 0.305601 0.246655 -0.919657 -0.798112 -0.46037 -0.388685
-0.363778 0.929791 0.0561688 0.343688 0.190024 -0.919657 -0.865762 -0.315247 -0.388685
-0.196338 0.978926 0.0561688 0.371524 0.127283 -0.919657 -0.907426 -0.159696 -0.388685
-0.0238984 0.998135 0.0561688 0.387949 0.0610412 -0.919657 -0.921371 -0.000187659 -0.388685
0.15025 0.987051 0.0561688 0.392652 -0.00743627 -0.919657 -0.907331 0.160233 -0.388685
0.318863 0.946135 0.0561688 0.385435 -0.0753012 -0.919657 -0.86589 0.314894 -0.388685
0.478723 0.876168 0.0561688 0.366438 -0.141259 -0.919657 -0.797839 0.460843 -0.388685
0.623179 0.78006 0.0561688 0.33645 -0.202564 -0.919657 -0.70601 0.592009 -0.388685
0.749476 0.659645 0.0561688 0.296043 -0.258049 -0.919657 -0.592153 0.705889 -0.388685
0.852359 0.519933 0.0561688 0.246898 -0.305405 -0.919657 -0.461006 0.797746 -0.388685
0.929865 0.363589 0.0561688 0.189954 -0.343727 -0.919657 -0.31507 0.865826 -0.388685
0.97877 0.197117 0.0561688 0.127578 -0.371422 -0.919657 -0.160418 0.907298 -0.388685
0.99814 0.0236951 0.0561688 0.0609622 -0.387962 -0.919657 0 0.921371 -0.388685
0.987021 -0.150451 0.0561688 -0.00751624 -0.39265 -0.919657 0.160418 0.907298 -0.388685
0.94607 -0.319056 0.0561688 -0.0753797 -0.38542 -0.919657 0.31507 0.865826 -0.388685
0.87607 -0.478901 0.0561688 -0.141333 -0.366409 -0.919657 0.461006 0.797746 -0.388685
0.779933 -0.623338 0.0561688 -0.202633 -0.336408 -0.919657 0.592153 0.705889 -0.388685
0.659492 -0.74961 0.0561688 -0.25811 -0.29599 -0.919657 0.70601 0.592009 -0.388685
0.519759 -0.852464 0.0561688 -0.305455 -0.246836 -0.919657 0.797839 0.460843 -0.388685
0.363399 -0.929939 0.0561688 -0.343766 -0.189884 -0.919657 0.86589 0.314894 -0.388685
0.196918 -0.97881 0.0561688 -0.371448 -0.127503 -0.919657 0.907331 0.160233 -0.388685
0.0234918 -0.998145 0.0561688 -0.387974 -0.0608832 -0.919657 0.921371 -0.000187659 -0.388685
-0.149665 -0.98714 0.0561688 -0.392656 0.00720356 -0.919657 0.907426 -0.159696 -0.388685
-0.319248 -0.946005 0.0561688 -0.385405 0.0754582 -0.919657 0.865762 -0.315247 -0.388685
-0.478203 -0.876451 0.0561688 -0.366522 0.141041 -0.919657 0.798112 -0.46037 -0.388685
-0.623497 -0.779806 0.0561688 -0.336367 0.202702 -0.919657 0.705768 -0.592297 -0.388685
-0.749085 -0.660089 0.0561688 -0.296196 0.257874 -0.919657 0.592571 -0.705538 -0.388685
-0.85257 -0.519585 0.0561688 -0.246774 0.305505 -0.919657 0.460681 -0.797933 -0.388685
-0.930013 -0.36321 0.0561688 -0.189814 0.343804 -0.919657 0.314718 -0.865954 -0.388685
-0.97885 -0.196719 0.0561688 -0.127427 0.371474 -0.919657 0.160049 -0.907364 -0.388685
0.914832 0.111249 -0.388209 0.403835 -0.251087 0.8797 0.000391684 -0.96155 -0.274629
0.920229 -0.0497297 -0.388209 0.35395 -0.317563 0.8797 -0.167028 -0.946932 -0.274629
0.897724 -0.208292 -0.388209 0.293628 -0.374045 0.8797 -0.328442 -0.903717 -0.274629
0.847747 -0.361412 -0.388209 0.224019 -0.419455 0.8797 -0.48077 -0.83273 -0.274629
0.771875 -0.503491 -0.388209 0.147567 -0.452052 0.8797 -0.618412 -0.736305 -0.274629
0.673053 -0.629518 -0.388209 0.067078 -0.470773 0.8797 -0.736546 -0.618126 -0.274629
0.553169 -0.737087 -0.388209 -0.015912 -0.475262 0.8797 -0.832917 -0.480446 -0.274629
0.41721 -0.821724 -0.388209 -0.0979507 -0.465331 0.8797 -0.903516 -0.328994 -0.274629
0.267768 -0.881813 -0.388209 -0.177472 -0.44117 0.8797 -0.946997 -0.16666 -0.274629
0.111063 -0.914855 -0.388209 -0.251169 -0.403783 0.8797 -0.96155 -0.000195842 -0.274629
-0.0499171 -0.920219 -0.388209 -0.317635 -0.353886 0.8797 -0.946898 0.167221 -0.274629
-0.208475 -0.897682 -0.388209 -0.374105 -0.293552 0.8797 -0.90365 0.328626 -0.274629
-0.361584 -0.847674 -0.388209 -0.419501 -0.223934 0.8797 -0.832632 0.48094 -0.274629
-0.502876 -0.772275 -0.388209 -0.451934 -0.147927 0.8797 -0.736798 0.617826 -0.274629
-0.629655 -0.672925 -0.388209 -0.470787 -0.0669821 0.8797 -0.617976 0.736672 -0.274629
-0.736647 -0.553756 -0.388209 -0.475274 0.0155335 0.8797 -0.481109 0.832534 -0.274629
-0.821809 -0.417042 -0.388209 -0.465311 0.0980454 0.8797 -0.32881 0.903583 -0.274629
-0.881599 -0.268471 -0.388209 -0.441311 0.177121 0.8797 -0.167414 0.946864 -0.274629
-0.914877 -0.110877 -0.388209 -0.403732 0.251252 0.8797 0 0.96155 -0.274629
-0.920208 0.0501045 -0.388209 -0.353821 0.317707 0.8797 0.167414 0.946864 -0.274629
-0.897639 0.208657 -0.388209 -0.293476 0.374165 0.8797 0.32881 0.903583 -0.274629
-0.8476 0.361757 -0.388209 -0.223848 0.419546 0.8797 0.481109 0.832534 -0.274629
-0.772173 0.503034 -0.388209 -0.147835 0.451965 0.8797 0.617976 0.736672 -0.274629
-0.672797 0.629792 -0.388209 -0.0668862 0.470801 0.8797 0.736798 0.617826 -0.274629
-0.553606 0.736759 -0.388209 0.0156303 0.475271 0.8797 0.832632 0.48094 -0.274629
-0.416875 0.821894 -0.388209 0.0981402 0.465291 0.8797 0.90365 0.328626 -0.274629
-0.268291 0.881654 -0.388209 0.177211 0.441275 0.8797 0.946898 0.167221 -0.274629
-0.11069 0.9149 -0.388209 0.251334 0.403681 0.8797 0.96155 -0.000195842 -0.274629
0.0493717 0.920248 -0.388209 0.317425 0.354074 0.8797 0.946997 -0.16666 -0.274629
0.20884 0.897597 -0.388209 0.374224 0.293399 0.8797 0.903516 -0.328994 -0.274629
0.361082 0.847888 -0.388209 0.419368 0.224182 0.8797 0.832917 -0.480446 -0.274629
0.503191 0.77207 -0.388209 0.451995 0.147743 0.8797 0.736546 -0.618126 -0.274629
0.629256 0.673298 -0.388209 0.470747 0.0672611 0.8797 0.618412 -0.736305 -0.274629
0.736872 0.553456 -0.388209 0.475268 -0.0157271 0.8797 0.48077 -0.83273 -0.274629
0.821979 0.416707 -0.388209 0.465271 -0.098235 0.8797 0.328442 -0.903717 -0.274629
0.881709 0.268111 -0.388209 0.441239 -0.177301 0.8797 0.167028 -0.946932 -0.274629
-0.141395 0.180295 -0.973397 0.989953 0.0261493 -0.138957 0.000400529 -0.983265 -0.182181
-0.107845 0.202159 -0.973397 0.979386 -0.146609 -0.138957 -0.1708 -0.968317 -0.182181
-0.0712179 0.217777 -0.973397 0.939216 -0.31395 -0.138957 -0.335859 -0.924126 -0.182181
-0.0322134 0.22685 -0.973397 0.87021 -0.47268 -0.138957 -0.491627 -0.851536 -0.182181
0.00777503 0.228994 -0.973397 0.774621 -0.616971 -0.138957 -0.632378 -0.752933 -0.182181
0.0473018 0.22419 -0.973397 0.656112 -0.74176 -0.138957 -0.753179 -0.632085 -0.182181
0.0856127 0.21253 -0.973397 0.516945 -0.844665 -0.138957 -0.851727 -0.491296 -0.182181
0.121114 0.1945 -0.973397 0.362908 -0.921406 -0.138957 -0.923921 -0.336424 -0.182181
0.153128 0.170442 -0.973397 0.196941 -0.970518 -0.138957 -0.968383 -0.170423 -0.182181
0.180323 0.141358 -0.973397 0.0259477 -0.989958 -0.138957 -0.983265 -0.000200265 -0.182181
0.202181 0.107804 -0.973397 -0.146808 -0.979356 -0.138957 -0.968282 0.170997 -0.182181
0.217791 0.0711735 -0.973397 -0.314141 -0.939152 -0.138957 -0.924058 0.336047 -0.182181
0.226857 0.0321672 -0.973397 -0.472857 -0.870113 -0.138957 -0.851435 0.491801 -0.182181
0.229 -0.00759267 -0.973397 -0.616354 -0.775112 -0.138957 -0.753437 0.631778 -0.182181
0.224181 -0.0473475 -0.973397 -0.741893 -0.655961 -0.138957 -0.631931 0.753308 -0.182181
0.212599 -0.0854434 -0.973397 -0.844253 -0.517617 -0.138957 -0.491974 0.851335 -0.182181
0.194475 -0.121154 -0.973397 -0.92148 -0.36272 -0.138957 -0.336236 0.923989 -0.182181
0.170564 -0.152992 -0.973397 -0.970361 -0.197714 -0.138957 -0.171194 0.968247 -0.182181
0.141322 -0.180352 -0.973397 -0.989964 -0.0257461 -0.138957 0 0.983265 -0.182181
0.107762 -0.202203 -0.973397 -0.979326 0.147008 -0.138957 0.171194 0.968247 -0.182181
0.0711292 -0.217806 -0.973397 -0.939088 0.314332 -0.138957 0.336236 0.923989 -0.182181
0.032121 -0.226863 -0.973397 -0.870017 0.473034 -0.138957 0.491974 0.851335 -0.182181
-0.00763931 -0.228999 -0.973397 -0.774987 0.616512 -0.138957 0.631931 0.753308 -0.182181
-0.0473931 -0.224171 -0.973397 -0.65581 0.742027 -0.138957 0.753437 0.631778 -0.182181
-0.0854867 -0.212581 -0.973397 -0.517445 0.844359 -0.138957 0.851435 0.491801 -0.182181
-0.121193 -0.19445 -0.973397 -0.362533 0.921554 -0.138957 0.924058 0.336047 -0.182181
-0.153027 -0.170533 -0.973397 -0.197516 0.970401 -0.138957 0.968282 0.170997 -0.182181
-0.180381 -0.141285 -0.973397 -0.0255444 0.989969 -0.138957 0.983265 -0.000200265 -0.182181
-0.202117 -0.107923 -0.973397 0.146228 0.979443 -0.138957 0.968383 -0.170423 -0.182181
-0.21782 -0.0710848 -0.973397 0.314524 0.939024 -0.138957 0.923921 -0.336424 -0.182181
-0.226838 -0.0323017 -0.973397 0.472341 0.870393 -0.138957 0.851727 -0.491296 -0.182181
-0.228997 0.00768595 -0.973397 0.61667 0.774861 -0.138957 0.753179 -0.632085 -0.182181
-0.224209 0.0472146 -0.973397 0.741504 0.656401 -0.138957 0.632378 -0.752933 -0.182181
-0.212564 0.08553 -0.973397 0.844464 0.517273 -0.138957 0.491627 -0.851536 -0.182181
-0.194426 0.121233 -0.973397 0.921628 0.362345 -0.138957 0.335859 -0.924126 -0.182181
-0.170502 0.153062 -0.973397 0.970441 0.197318 -0.138957 0.1708 -0.968317 -0.182181
0.543164 0.00626959 -0.839603 0.839627 -0.00357074 0.543152 0.000407336 -0.999974 -0.00720361
0.535959 -0.0883954 -0.839603 0.826181 -0.149702 0.543152 -0.173702 -0.984772 -0.00720361
0.512563 -0.179848 -0.839603 0.787789 -0.290473 0.543152 -0.341567 -0.93983 -0.00720361
0.473422 -0.266342 -0.839603 0.725183 -0.423197 0.543152 -0.499982 -0.866006 -0.00720361
0.419819 -0.344701 -0.839603 0.640425 -0.542993 0.543152 -0.643124 -0.765728 -0.00720361
0.353804 -0.412176 -0.839603 0.53675 -0.645667 0.543152 -0.765978 -0.642826 -0.00720361
0.276637 -0.467481 -0.839603 0.416136 -0.729258 0.543152 -0.8662 -0.499645 -0.00720361
0.191527 -0.508314 -0.839603 0.283601 -0.790289 0.543152 -0.939621 -0.342141 -0.00720361
0.100101 -0.533897 -0.839603 0.141674 -0.827595 0.543152 -0.984839 -0.173319 -0.00720361
0.00615896 -0.543165 -0.839603 -0.00374175 -0.839626 0.543152 -0.999974 -0.000203668 -0.00720361
-0.0885046 -0.535941 -0.839603 -0.14987 -0.82615 0.543152 -0.984736 0.173903 -0.00720361
-0.179952 -0.512527 -0.839603 -0.290633 -0.78773 0.543152 -0.93976 0.341758 -0.00720361
-0.266439 -0.473367 -0.839603 -0.423344 -0.725097 0.543152 -0.865904 0.500158 -0.00720361
-0.344366 -0.420093 -0.839603 -0.542483 -0.640857 0.543152 -0.76624 0.642514 -0.00720361
-0.412248 -0.35372 -0.839603 -0.645776 -0.536618 0.543152 -0.64267 0.766109 -0.00720361
-0.467261 -0.277009 -0.839603 -0.728926 -0.416717 0.543152 -0.500334 0.865802 -0.00720361
-0.508353 -0.191424 -0.839603 -0.790346 -0.28344 0.543152 -0.341949 0.939691 -0.00720361
-0.533817 -0.100526 -0.839603 -0.827482 -0.142333 0.543152 -0.174104 0.984701 -0.00720361
-0.543166 -0.00604833 -0.839603 -0.839625 0.00391276 0.543152 0 0.999974 -0.00720361
-0.535923 0.0886137 -0.839603 -0.82612 0.150039 0.543152 0.174104 0.984701 -0.00720361
-0.51249 0.180057 -0.839603 -0.78767 0.290794 0.543152 0.341949 0.939691 -0.00720361
-0.473313 0.266535 -0.839603 -0.72501 0.423492 0.543152 0.500334 0.865802 -0.00720361
-0.420023 0.344452 -0.839603 -0.640747 0.542614 0.543152 0.64267 0.766109 -0.00720361
-0.353636 0.41232 -0.839603 -0.536487 0.645885 0.543152 0.76624 0.642514 -0.00720361
-0.276914 0.467317 -0.839603 -0.416568 0.729011 0.543152 0.865904 0.500158 -0.00720361
-0.19132 0.508392 -0.839603 -0.283279 0.790404 0.543152 0.93976 0.341758 -0.00720361
-0.100417 0.533838 -0.839603 -0.142164 0.827511 0.543152 0.984736 0.173903 -0.00720361
-0.0059377 0.543168 -0.839603 0.00408377 0.839624 0.543152 0.999974 -0.000203668 -0.00720361
0.0881869 0.535994 -0.839603 0.149381 0.826239 0.543152 0.984839 -0.173319 -0.00720361
0.180161 0.512453 -0.839603 0.290954 0.787611 0.543152 0.939621 -0.342141 -0.00720361
0.266158 0.473525 -0.839603 0.422915 0.725347 0.543152 0.8662 -0.499645 -0.00720361
0.344538 0.419953 -0.839603 0.542744 0.640636 0.543152 0.765978 -0.642826 -0.00720361
0.412039 0.353964 -0.839603 0.645458 0.537001 0.543152 0.643124 -0.765728 -0.00720361
0.467373 0.276818 -0.839603 0.729096 0.41642 0.543152 0.499982 -0.866006 -0.00720361
0.508431 0.191217 -0.839603 0.790462 0.283118 0.543152 0.341567 -0.93983 -0.00720361
0.533858 0.100308 -0.839603 0.82754 0.141995 0.543152 0.173702 -0.984772 -0.00720361
0.409818 -0.113744 0.905048 -0.912167 -0.0515425 0.406564 0.000404158 -0.992172 -0.124877
0.383755 -0.18336 0.905048 -0.907209 0.10806 0.406564 -0.172347 -0.977089 -0.124877
0.346216 -0.247028 0.905048 -0.874803 0.263488 0.406564 -0.338902 -0.932497 -0.124877
0.297919 -0.303534 0.905048 -0.815566 0.411774 0.406564 -0.496081 -0.859249 -0.124877
0.240521 -0.350768 0.905048 -0.731416 0.547481 0.406564 -0.638106 -0.759754 -0.124877
0.176163 -0.387111 0.905048 -0.62559 0.66584 0.406564 -0.760002 -0.637811 -0.124877
0.106073 -0.41187 0.905048 -0.500107 0.76459 0.406564 -0.859442 -0.495747 -0.124877
0.0331671 -0.424015 0.905048 -0.360187 0.839625 0.406564 -0.93229 -0.339471 -0.124877
-0.0411639 -0.423313 0.905048 -0.208501 0.889513 0.406564 -0.977156 -0.171967 -0.124877
-0.113828 -0.409795 0.905048 -0.0513568 0.912178 0.406564 -0.992172 -0.000202079 -0.124877
-0.183438 -0.383717 0.905048 0.108245 0.907187 0.406564 -0.977054 0.172546 -0.124877
-0.247098 -0.346166 0.905048 0.263666 0.874749 0.406564 -0.932428 0.339092 -0.124877
-0.303595 -0.297857 0.905048 0.41194 0.815482 0.406564 -0.859148 0.496256 -0.124877
-0.350576 -0.2408 0.905048 0.546899 0.731852 0.406564 -0.760262 0.637501 -0.124877
-0.387147 -0.176084 0.905048 0.665967 0.625455 0.406564 -0.637656 0.760132 -0.124877
-0.411786 -0.106401 0.905048 0.764192 0.500716 0.406564 -0.496431 0.859047 -0.124877
-0.424021 -0.0330808 0.905048 0.839699 0.360016 0.406564 -0.339282 0.932359 -0.124877
-0.423346 0.0408268 0.905048 0.889347 0.209209 0.406564 -0.172745 0.977018 -0.124877
-0.409772 0.113911 0.905048 0.912188 0.051171 0.406564 0 0.992172 -0.124877
-0.38368 0.183516 0.905048 0.907165 -0.10843 0.406564 0.172745 0.977018 -0.124877
-0.346116 0.247169 0.905048 0.874695 -0.263844 0.406564 0.339282 0.932359 -0.124877
-0.297795 0.303655 0.905048 0.815398 -0.412106 0.406564 0.496431 0.859047 -0.124877
-0.240729 0.350625 0.905048 0.731741 -0.547048 0.406564 0.637656 0.760132 -0.124877
-0.176005 0.387183 0.905048 0.625319 -0.666094 0.406564 0.760262 0.637501 -0.124877
-0.106317 0.411807 0.905048 0.50056 -0.764294 0.406564 0.859148 0.496256 -0.124877
-0.0329944 0.424028 0.905048 0.359845 -0.839772 0.406564 0.932428 0.339092 -0.124877
0.040913 0.423338 0.905048 0.209028 -0.889389 0.406564 0.977054 0.172546 -0.124877
0.113995 0.409748 0.905048 0.0509852 -0.912199 0.406564 0.992172 -0.000202079 -0.124877
0.18321 0.383826 0.905048 -0.107708 -0.907251 0.406564 0.977156 -0.171967 -0.124877
0.247239 0.346065 0.905048 -0.264022 -0.874642 0.406564 0.93229 -0.339471 -0.124877
0.303418 0.298037 0.905048 -0.411456 -0.815726 0.406564 0.859442 -0.495747 -0.124877
0.350674 0.240657 0.905048 -0.547197 -0.731629 0.406564 0.760002 -0.637811 -0.124877
0.387043 0.176314 0.905048 -0.665596 -0.625849 0.406564 0.638106 -0.759754 -0.124877
0.411829 0.106233 0.905048 -0.764396 -0.500405 0.406564 0.496081 -0.859249 -0.124877
0.424035 0.032908 0.905048 -0.839845 -0.359674 0.406564 0.338902 -0.932497 -0.124877
0.423329 -0.0409992 0.905048 -0.889432 -0.208847 0.406564 0.172347 -0.977089 -0.124877
-0.728876 -0.196571 -0.655819 0.684645 -0.208724 -0.698352 0.000390244 -0.958016 0.286715
-0.751969 -0.0666651 -0.655819 0.637848 -0.324738 -0.698352 -0.166414 -0.943452 0.286715
-0.752155 0.0645249 -0.655819 0.571996 -0.430261 -0.698352 -0.327235 -0.900395 0.286715
-0.729433 0.194496 -0.655819 0.488348 -0.523279 -0.698352 -0.479003 -0.829669 0.286715
-0.684429 0.318525 -0.655819 0.389782 -0.600312 -0.698352 -0.616139 -0.733599 0.286715
-0.61895 0.432206 -0.655819 0.279969 -0.658728 -0.698352 -0.733838 -0.615854 0.286715
-0.534246 0.533369 -0.655819 0.161003 -0.697412 -0.698352 -0.829855 -0.47868 0.286715
-0.43384 0.617806 -0.655819 0.0378333 -0.714754 -0.698352 -0.900195 -0.327785 0.286715
-0.319649 0.683905 -0.655819 -0.087189 -0.710424 -0.698352 -0.943516 -0.166047 0.286715
-0.196422 0.728916 -0.655819 -0.208863 -0.684603 -0.698352 -0.958016 -0.000195122 0.286715
-0.0665119 0.751982 -0.655819 -0.324868 -0.637782 -0.698352 -0.943418 0.166606 0.286715
0.0646781 0.752142 -0.655819 -0.430378 -0.571909 -0.698352 -0.900329 0.327418 0.286715
0.194644 0.729393 -0.655819 -0.523378 -0.488242 -0.698352 -0.829571 0.479172 0.286715
0.31798 0.684682 -0.655819 -0.600001 -0.39026 -0.698352 -0.734089 0.615555 0.286715
0.432332 0.618862 -0.655819 -0.658785 -0.279834 -0.698352 -0.615704 0.733964 0.286715
0.532943 0.53467 -0.655819 -0.697283 -0.161558 -0.698352 -0.479341 0.829474 0.286715
0.617894 0.433714 -0.655819 -0.714762 -0.0376878 -0.698352 -0.327601 0.900262 0.286715
0.68365 0.320193 -0.655819 -0.710494 0.0866232 -0.698352 -0.166798 0.943384 0.286715
0.728956 0.196274 -0.655819 -0.68456 0.209003 -0.698352 0 0.958016 0.286715
0.751996 0.0663587 -0.655819 -0.637715 0.324998 -0.698352 0.166798 0.943384 0.286715
0.752129 -0.0648312 -0.655819 -0.571821 0.430494 -0.698352 0.327601 0.900262 0.286715
0.729354 -0.194793 -0.655819 -0.488135 0.523478 -0.698352 0.479341 0.829474 0.286715
0.684617 -0.31812 -0.655819 -0.390138 0.600081 -0.698352 0.615704 0.733964 0.286715
0.618774 -0.432458 -0.655819 -0.2797 0.658842 -0.698352 0.734089 0.615555 0.286715
0.534562 -0.533052 -0.655819 -0.161416 0.697316 -0.698352 0.829571 0.479172 0.286715
0.433588 -0.617982 -0.655819 -0.0375422 0.714769 -0.698352 0.900329 0.327418 0.286715
0.320054 -0.683715 -0.655819 0.0867679 0.710476 -0.698352 0.943418 0.166606 0.286715
0.196125 -0.728996 -0.655819 0.209142 0.684517 -0.698352 0.958016 -0.000195122 0.286715
0.0669576 -0.751943 -0.655819 0.32449 0.637974 -0.698352 0.943516 -0.166047 0.286715
-0.0649844 -0.752116 -0.655819 0.430611 0.571733 -0.698352 0.900195 -0.327785 0.286715
-0.194212 -0.729508 -0.655819 0.523089 0.488552 -0.698352 0.829855 -0.47868 0.286715
-0.318259 -0.684553 -0.655819 0.60016 0.390016 -0.698352 0.733838 -0.615854 0.286715
-0.431965 -0.619118 -0.655819 0.658619 0.280225 -0.698352 0.616139 -0.733599 0.286715
-0.533161 -0.534453 -0.655819 0.697349 0.161274 -0.698352 0.479003 -0.829669 0.286715
-0.618071 -0.433462 -0.655819 0.714777 0.0373966 -0.698352 0.327235 -0.900395 0.286715
-0.68378 -0.319915 -0.655819 0.710458 -0.0869126 -0.698352 0.166414 -0.943452 0.286715
-0.855006 -0.298944 -0.42379 0.518619 -0.492321 -0.699039 0.000332992 -0.817467 0.575975
-0.893995 -0.145515 -0.42379 0.424981 -0.575097 -0.699039 -0.142 -0.80504 0.575975
-0.905688 0.0114539 -0.42379 0.319001 -0.639987 -0.699039 -0.279227 -0.7683 0.575975
-0.889861 0.168967 -0.42379 0.202701 -0.685753 -0.699039 -0.408729 -0.70795 0.575975
-0.846851 0.321318 -0.42379 0.0802104 -0.710571 -0.699039 -0.525746 -0.625974 0.575975
-0.778436 0.463076 -0.42379 -0.0440172 -0.713728 -0.699039 -0.626178 -0.525503 0.575975
-0.685922 0.591535 -0.42379 -0.167611 -0.695163 -0.699039 -0.708109 -0.408454 0.575975
-0.573156 0.701352 -0.42379 -0.285429 -0.655649 -0.699039 -0.768129 -0.279696 0.575975
-0.442291 0.790431 -0.42379 -0.395223 -0.595939 -0.699039 -0.805095 -0.141687 0.575975
-0.29877 0.855066 -0.42379 -0.492426 -0.518518 -0.699039 -0.817467 -0.000166496 0.575975
-0.145333 0.894025 -0.42379 -0.575184 -0.424863 -0.699039 -0.805011 0.142164 0.575975
0.0116383 0.905686 -0.42379 -0.640052 -0.31887 -0.699039 -0.768243 0.279383 0.575975
0.169148 0.889826 -0.42379 -0.685794 -0.202562 -0.699039 -0.707867 0.408874 0.575975
0.320643 0.847107 -0.42379 -0.710507 -0.0807762 -0.699039 -0.626392 0.525248 0.575975
0.463234 0.778342 -0.42379 -0.713719 0.0441626 -0.699039 -0.525375 0.626285 0.575975
0.590989 0.686392 -0.42379 -0.695296 0.167057 -0.699039 -0.409018 0.707783 0.575975
0.701469 0.573013 -0.42379 -0.655591 0.285562 -0.699039 -0.27954 0.768186 0.575975
0.790079 0.44292 -0.42379 -0.596254 0.394748 -0.699039 -0.142328 0.804982 0.575975
0.855127 0.298596 -0.42379 -0.518418 0.492532 -0.699039 0 0.817467 0.575975
0.894055 0.145151 -0.42379 -0.424746 0.57527 -0.699039 0.142328 0.804982 0.575975
0.905683 -0.0118228 -0.42379 -0.31874 0.640117 -0.699039 0.27954 0.768186 0.575975
0.889792 -0.169329 -0.42379 -0.202422 0.685835 -0.699039 0.409018 0.707783 0.575975
0.847041 -0.320816 -0.42379 -0.0806315 0.710523 -0.699039 0.525375 0.626285 0.575975
0.778248 -0.463393 -0.42379 0.044308 0.71371 -0.699039 0.626392 0.525248 0.575975
0.686272 -0.591128 -0.42379 0.167199 0.695262 -0.699039 0.707867 0.408874 0.575975
0.57287 -0.701585 -0.42379 0.285696 0.655533 -0.699039 0.768243 0.279383 0.575975
0.442759 -0.790169 -0.42379 0.39487 0.596173 -0.699039 0.805011 0.142164 0.575975
0.298422 -0.855188 -0.42379 0.492637 0.518318 -0.699039 0.817467 -0.000166496 0.575975
0.145863 -0.893939 -0.42379 0.574932 0.425204 -0.699039 0.805095 -0.141687 0.575975
-0.0120073 -0.905681 -0.42379 0.640182 0.31861 -0.699039 0.768129 -0.279696 0.575975
-0.16862 -0.889927 -0.42379 0.685674 0.202968 -0.699039 0.708109 -0.408454 0.575975
-0.320988 -0.846976 -0.42379 0.71054 0.0804867 -0.699039 0.626178 -0.525503 0.575975
-0.462773 -0.778616 -0.42379 0.713745 -0.0437396 -0.699039 0.525746 -0.625974 0.575975
-0.591268 -0.686152 -0.42379 0.695228 -0.16734 -0.699039 0.408729 -0.70795 0.575975
-0.701702 -0.572727 -0.42379 0.655474 -0.285829 -0.699039 0.279227 -0.7683 0.575975
