-0.977635 0.0573055 0.202349 -0.210306 -0.268183 -0.940132 0.00039173 -0.961662 0.274237
-0.899103 0.388161 0.202349 -0.289335 -0.1801 -0.940132 -0.32848 -0.903822 0.274237
-0.711493 0.672929 0.202349 -0.33355 -0.0699684 -0.940132 -0.618484 -0.736391 0.274237
-0.438487 0.875662 0.202349 -0.337368 0.0483097 -0.940132 -0.833014 -0.480502 0.274237
-0.112613 0.972817 0.202349 -0.30051 0.160763 -0.940132 -0.947107 -0.166679 0.274237
0.226839 0.95268 0.202349 -0.227419 0.253833 -0.940132 -0.947008 0.16724 0.274237
0.53894 0.817679 0.202349 -0.126909 0.316299 -0.940132 -0.832729 0.480996 0.274237
0.786062 0.58409 0.202349 -0.0110972 0.340629 -0.940132 -0.618047 0.736757 0.274237
0.938409 0.280077 0.202349 0.106053 0.323889 -0.940132 -0.328848 0.903688 0.274237
0.977612 -0.0577038 0.202349 0.210416 0.268098 -0.940132 0 0.961662 0.274237
0.898945 -0.388528 0.202349 0.289409 0.179982 -0.940132 0.328848 0.903688 0.274237
0.711892 -0.672507 0.202349 0.333508 0.070166 -0.940132 0.618047 0.736757 0.274237
0.439006 -0.875402 0.202349 0.337397 -0.0481098 -0.940132 0.832729 0.480996 0.274237
0.11319 -0.97275 0.202349 0.300605 -0.160585 -0.940132 0.947008 0.16724 0.274237
-0.226274 -0.952814 0.202349 0.22757 -0.253699 -0.940132 0.947107 -0.166679 0.274237
-0.538456 -0.817998 0.202349 0.127096 -0.316224 -0.940132 0.833014 -0.480502 0.274237
-0.785716 -0.584556 0.202349 0.0112991 -0.340622 -0.940132 0.618484 -0.736391 0.274237
-0.938523 -0.279695 0.202349 -0.106184 -0.323845 -0.940132 0.32848 -0.903822 0.274237
0.538809 0.375079 -0.754322 0.842428 -0.239509 0.482649 0.000364786 -0.895517 -0.445026
0.634588 0.168217 -0.754322 0.70974 -0.513145 0.482649 -0.305887 -0.841656 -0.445026
0.653796 -0.0595803 -0.754322 0.490754 -0.725403 0.482649 -0.575944 -0.685741 -0.445026
0.594008 -0.279559 -0.754322 0.213112 -0.84949 0.482649 -0.775718 -0.447452 -0.445026
0.462601 -0.465832 -0.754322 -0.0902258 -0.871154 0.482649 -0.881964 -0.155215 -0.445026
0.275418 -0.59594 -0.754322 -0.382685 -0.787783 0.482649 -0.881872 0.155737 -0.445026
0.0550277 -0.654195 -0.754322 -0.629004 -0.609429 0.482649 -0.775452 0.447912 -0.445026
-0.171997 -0.633574 -0.754322 -0.799484 -0.357597 0.482649 -0.575537 0.686082 -0.445026
-0.378284 -0.536563 -0.754322 -0.87357 -0.0626493 0.482649 -0.30623 0.841531 -0.445026
-0.538961 -0.374859 -0.754322 -0.84233 0.239852 0.482649 0 0.895517 -0.445026
-0.634656 -0.167959 -0.754322 -0.709531 0.513434 0.482649 0.30623 0.841531 -0.445026
-0.653831 0.0591928 -0.754322 -0.491184 0.725112 0.482649 0.575537 0.686082 -0.445026
-0.594174 0.279207 -0.754322 -0.213615 0.849363 0.482649 0.775452 0.447912 -0.445026
-0.462877 0.465558 -0.754322 0.0897095 0.871207 0.482649 0.881872 0.155737 -0.445026
-0.275771 0.595776 -0.754322 0.382218 0.78801 0.482649 0.881964 -0.155215 -0.445026
-0.0554154 0.654162 -0.754322 0.628642 0.609802 0.482649 0.775718 -0.447452 -0.445026
0.171621 0.633676 -0.754322 0.799271 0.358071 0.482649 0.575944 -0.685741 -0.445026
0.378503 0.536409 -0.754322 0.873595 0.0622934 0.482649 0.305887 -0.841656 -0.445026
0.908569 0.366362 -0.2007 0.417734 -0.796611 0.436932 0.000195861 -0.480823 -0.876818
0.979077 0.0335833 -0.2007 0.120143 -0.891435 0.436932 -0.164237 -0.451903 -0.876818
0.931234 -0.304176 -0.2007 -0.192812 -0.878586 0.436932 -0.309237 -0.368189 -0.876818
0.771079 -0.604282 -0.2007 -0.481628 -0.759687 0.436932 -0.4165 -0.240247 -0.876818
0.517955 -0.83153 -0.2007 -0.712374 -0.549193 0.436932 -0.473545 -0.0833381 -0.876818
0.202382 -0.95852 -0.2007 -0.85723 -0.272483 0.436932 -0.473496 0.0836187 -0.876818
-0.137592 -0.969942 -0.2007 -0.89873 0.0370807 0.436932 -0.416357 0.240494 -0.876818
-0.460977 -0.864418 -0.2007 -0.83187 0.342173 0.436932 -0.309018 0.368372 -0.876818
-0.728783 -0.654672 -0.2007 -0.664712 0.60601 0.436932 -0.164421 0.451836 -0.876818
-0.908719 -0.365992 -0.2007 -0.417409 0.796781 0.436932 0 0.480823 -0.876818
-0.979091 -0.0331845 -0.2007 -0.11978 0.891483 0.436932 0.164421 0.451836 -0.876818
-0.931414 0.303624 -0.2007 0.192291 0.8787 0.436932 0.309018 0.368372 -0.876818
-0.771437 0.603825 -0.2007 0.481177 0.759973 0.436932 0.416357 0.240494 -0.876818
-0.518448 0.831223 -0.2007 0.712049 0.549615 0.436932 0.473496 0.0836187 -0.876818
-0.20295 0.9584 -0.2007 0.857068 0.272991 0.436932 0.473545 -0.0833381 -0.876818
0.137018 0.970024 -0.2007 0.898752 -0.0365481 0.436932 0.4165 -0.240247 -0.876818
0.460465 0.864692 -0.2007 0.832073 -0.34168 0.436932 0.309237 -0.368189 -0.876818
0.729049 0.654375 -0.2007 0.664465 -0.606281 0.436932 0.164237 -0.451903 -0.876818
-0.546045 -0.330436 0.769836 -0.837756 0.214966 -0.501951 0.00037436 -0.919022 -0.394206
-0.626122 -0.123791 0.769836 -0.713743 0.488484 -0.501951 -0.313915 -0.863747 -0.394206
-0.63061 0.0984095 0.769836 -0.50297 0.70361 -0.501951 -0.59106 -0.703739 -0.394206
-0.558942 0.308119 0.769836 -0.232044 0.833187 -0.501951 -0.796078 -0.459197 -0.394206
-0.419882 0.480679 0.769836 0.0668605 0.862308 -0.501951 -0.905113 -0.159289 -0.394206
-0.230197 0.595283 0.769836 0.357703 0.78746 -0.501951 -0.905018 0.159825 -0.394206
-0.0127578 0.638115 0.769836 0.605418 0.617669 -0.501951 -0.795806 0.459668 -0.394206
0.20622 0.604009 0.769836 0.780137 0.373405 -0.501951 -0.590643 0.70409 -0.394206
0.400334 0.497077 0.769836 0.860796 0.0841202 -0.501951 -0.314267 0.863619 -0.394206
0.546179 0.330214 0.769836 0.837668 -0.215307 -0.501951 0 0.919022 -0.394206
0.626172 0.123536 0.769836 0.713544 -0.488775 -0.501951 0.314267 0.863619 -0.394206
0.630668 -0.0980358 0.769836 0.503387 -0.703311 -0.501951 0.590643 0.70409 -0.394206
0.559124 -0.307788 0.769836 0.232537 -0.83305 -0.501951 0.795806 0.459668 -0.394206
0.420167 -0.48043 0.769836 -0.0663494 -0.862347 -0.501951 0.905018 0.159825 -0.394206
0.23055 -0.595147 0.769836 -0.357236 -0.787672 -0.501951 0.905113 -0.159289 -0.394206
0.013136 -0.638107 0.769836 -0.605051 -0.618028 -0.501951 0.796078 -0.459197 -0.394206
-0.205862 -0.604131 0.769836 -0.779916 -0.373868 -0.501951 0.59106 -0.703739 -0.394206
-0.400536 -0.496914 0.769836 -0.86083 -0.0837696 -0.501951 0.313915 -0.863747 -0.394206
-0.74429 -0.533392 -0.401902 0.667857 -0.594216 -0.448191 0.000245221 -0.601997 0.798498
-0.881818 -0.246721 -0.401902 0.424398 -0.786772 -0.448191 -0.205627 -0.56579 0.798498
-0.912956 0.070611 -0.401902 0.128885 -0.884598 -0.448191 -0.387169 -0.460978 0.798498
-0.833773 0.378547 -0.401902 -0.18138 -0.875343 -0.448191 -0.521464 -0.300793 0.798498
-0.654061 0.640842 -0.401902 -0.469776 -0.760549 -0.448191 -0.592886 -0.104341 0.798498
-0.39549 0.825871 -0.401902 -0.701532 -0.554055 -0.448191 -0.592824 0.104692 0.798498
-0.089235 0.911324 -0.401902 -0.848704 -0.28076 -0.448191 -0.521285 0.301102 0.798498
0.227779 0.8869 -0.401902 -0.893548 0.0263873 -0.448191 -0.386896 0.461208 0.798498
0.51733 0.755542 -0.401902 -0.830657 0.330353 -0.448191 -0.205858 0.565706 0.798498
0.744507 0.533089 -0.401902 -0.667614 0.594488 -0.448191 0 0.601997 0.798498
0.881919 0.246361 -0.401902 -0.424077 0.786945 -0.448191 0.205858 0.565706 0.798498
0.912998 -0.0700699 -0.401902 -0.12941 0.884521 -0.448191 0.386896 0.461208 0.798498
0.833997 -0.378053 -0.401902 0.180861 0.875451 -0.448191 0.521285 0.301102 0.798498
0.654441 -0.640454 -0.401902 0.469326 0.760827 -0.448191 0.592824 0.104692 0.798498
0.39598 -0.825636 -0.401902 0.701204 0.554471 -0.448191 0.592886 -0.104341 0.798498
0.089775 -0.911271 -0.401902 0.848538 0.281263 -0.448191 0.521464 -0.300793 0.798498
-0.227254 -0.887035 -0.401902 0.893564 -0.0258577 -0.448191 0.387169 -0.460978 0.798498
-0.517638 -0.755331 -0.401902 0.830523 -0.330691 -0.448191 0.205627 -0.56579 0.798498
0.756661 0.0197861 0.653508 -0.653807 0.0222763 0.756333 0.000407166 -0.999556 0.0297919
0.717812 -0.240153 0.653508 -0.606775 0.244508 0.756333 -0.341424 -0.939437 0.0297919
0.591945 -0.47173 0.653508 -0.486146 0.437746 0.756333 -0.642855 -0.765408 0.0297919
0.394948 -0.645712 0.653508 -0.307148 0.577598 0.756333 -0.865838 -0.499436 0.0297919
0.150332 -0.741841 0.653508 -0.0911173 0.64781 0.756333 -0.984428 -0.173247 0.0297919
-0.112409 -0.748527 0.653508 0.1359 0.639915 0.756333 -0.984325 0.17383 0.0297919
-0.361598 -0.664962 0.653508 0.346531 0.554866 0.756333 -0.865542 0.499949 0.0297919
-0.567188 -0.501224 0.653508 0.515381 0.402917 0.756333 -0.642401 0.765789 0.0297919
-0.704393 -0.277053 0.653508 0.622092 0.202388 0.756333 -0.341806 0.939298 0.0297919
-0.756669 -0.0194779 0.653508 0.653798 -0.0225426 0.756333 0 0.999556 0.0297919
-0.717714 0.240446 0.653508 0.606675 -0.244755 0.756333 0.341806 0.939298 0.0297919
-0.592225 0.471379 0.653508 0.486406 -0.437458 0.756333 0.642401 0.765789 0.0297919
-0.395331 0.645478 0.653508 0.30749 -0.577416 0.756333 0.865542 0.499949 0.0297919
-0.150772 0.741752 0.653508 0.0915013 -0.647755 0.756333 0.984325 0.17383 0.0297919
0.111966 0.748593 0.653508 -0.13552 -0.639995 0.756333 0.984428 -0.173247 0.0297919
0.361204 0.665177 0.653508 -0.346202 -0.555071 0.756333 0.865838 -0.499436 0.0297919
0.566891 0.50156 0.653508 -0.515142 -0.403222 0.756333 0.642855 -0.765408 0.0297919
0.704506 0.276766 0.653508 -0.622175 -0.202134 0.756333 0.341424 -0.939437 0.0297919
0.891345 -0.111024 0.43952 -0.453325 -0.219144 0.863986 0.000394863 -0.969355 -0.245663
0.799645 -0.409134 0.43952 -0.500935 -0.0509147 0.863986 -0.331108 -0.911053 -0.245663
0.610873 -0.658526 0.43952 -0.488023 0.123942 0.863986 -0.623432 -0.742282 -0.245663
0.348859 -0.82772 0.43952 -0.41622 0.283353 0.863986 -0.839678 -0.484346 -0.245663
0.0447822 -0.897116 0.43952 -0.294233 0.408601 0.863986 -0.954684 -0.168012 -0.245663
-0.264694 -0.858347 0.43952 -0.136771 0.484584 0.863986 -0.954584 0.168578 -0.245663
-0.542256 -0.716087 0.43952 0.0371821 0.502141 0.863986 -0.839391 0.484843 -0.245663
-0.754438 -0.48749 0.43952 0.206652 0.459155 0.863986 -0.622992 0.742651 -0.245663
-0.875658 -0.200115 0.43952 0.351206 0.360808 0.863986 -0.331479 0.910918 -0.245663
-0.8913 0.111387 0.43952 0.453415 0.218959 0.863986 0 0.969355 -0.245663
-0.799478 0.40946 0.43952 0.500956 0.0507106 0.863986 0.331479 0.910918 -0.245663
-0.611264 0.658163 0.43952 0.488096 -0.123652 0.863986 0.622992 0.742651 -0.245663
-0.349349 0.827513 0.43952 0.416388 -0.283107 0.863986 0.839391 0.484843 -0.245663
-0.0453139 0.897089 0.43952 0.294475 -0.408427 0.863986 0.954584 0.168578 -0.245663
0.264185 0.858504 0.43952 0.137058 -0.484503 0.863986 0.954684 -0.168012 -0.245663
0.541831 0.716409 0.43952 -0.0368845 -0.502163 0.863986 0.839678 -0.484346 -0.245663
0.754149 0.487937 0.43952 -0.20638 -0.459277 0.863986 0.623432 -0.742282 -0.245663
0.875739 0.199758 0.43952 -0.351353 -0.360665 0.863986 0.331108 -0.911053 -0.245663
-0.086807 0.293614 -0.951974 0.996225 0.0259577 -0.082836 0.000389249 -0.955571 -0.294759
0.01883 0.305598 -0.951974 0.945044 -0.316275 -0.082836 -0.3264 -0.898098 -0.294759
0.122477 0.280614 -0.951974 0.779299 -0.621153 -0.082836 -0.614567 -0.731727 -0.294759
0.211052 0.221815 -0.951974 0.519911 -0.850195 -0.082836 -0.827738 -0.477459 -0.294759
0.27418 0.136272 -0.951974 0.197837 -0.976729 -0.082836 -0.941109 -0.165623 -0.294759
0.304251 0.0342985 -0.951974 -0.14809 -0.985499 -0.082836 -0.94101 0.166181 -0.294759
0.297638 -0.0718102 -0.951974 -0.476162 -0.875447 -0.082836 -0.827455 0.477949 -0.294759
0.255139 -0.169261 -0.951974 -0.746823 -0.659843 -0.082836 -0.614133 0.732091 -0.294759
0.181877 -0.246304 -0.951974 -0.92744 -0.364683 -0.082836 -0.326766 0.897965 -0.294759
0.0866874 -0.29365 -0.951974 -0.996236 -0.0255519 -0.082836 0 0.955572 -0.294759
-0.0189545 -0.305591 -0.951974 -0.944915 0.316659 -0.082836 0.326766 0.897965 -0.294759
-0.122311 -0.280686 -0.951974 -0.779667 0.620691 -0.082836 0.614133 0.732091 -0.294759
-0.210921 -0.22194 -0.951974 -0.520414 0.849887 -0.082836 0.827455 0.477949 -0.294759
-0.2741 -0.136434 -0.951974 -0.198415 0.976611 -0.082836 0.94101 0.166181 -0.294759
-0.30423 -0.0344788 -0.951974 0.147506 0.985586 -0.082836 0.941109 -0.165623 -0.294759
-0.29768 0.0716338 -0.951974 0.475643 0.875729 -0.082836 0.827738 -0.477459 -0.294759
-0.255239 0.16911 -0.951974 0.746432 0.660286 -0.082836 0.614567 -0.731727 -0.294759
-0.181777 0.246378 -0.951974 0.927588 0.364305 -0.082836 0.3264 -0.898098 -0.294759
0.974592 0.172342 0.143072 -0.223989 0.749125 0.62341 0.000260546 -0.639617 0.768694
0.974772 -0.171318 0.143072 0.0456835 0.780559 0.62341 -0.218477 -0.601147 0.768694
0.85693 -0.495178 0.143072 0.310566 0.717571 0.62341 -0.411364 -0.489786 0.768694
0.63594 -0.758361 0.143072 0.537223 0.568112 0.62341 -0.554051 -0.31959 0.768694
0.338274 -0.930108 0.143072 0.699107 0.350156 0.62341 -0.629936 -0.110861 0.768694
-0.000176634 -0.989712 0.143072 0.7767 0.0899811 0.62341 -0.629871 0.111234 0.768694
-0.338606 -0.929987 0.143072 0.760647 -0.181042 0.62341 -0.553861 0.319918 0.768694
-0.63621 -0.758134 0.143072 0.652882 -0.430238 0.62341 -0.411073 0.490029 0.768694
-0.857107 -0.494872 0.143072 0.4664 -0.627559 0.62341 -0.218722 0.601058 0.768694
-0.974662 -0.171945 0.143072 0.223684 -0.749216 0.62341 0 0.639617 0.768694
-0.974702 0.171715 0.143072 -0.0460014 -0.780541 0.62341 0.218722 0.601058 0.768694
-0.857223 0.49467 0.143072 -0.310141 -0.717755 0.62341 0.411073 0.490029 0.768694
-0.636389 0.757984 0.143072 -0.536886 -0.56843 0.62341 0.553861 0.319918 0.768694
-0.338825 0.929907 0.143072 -0.698899 -0.35057 0.62341 0.629871 0.111234 0.768694
-0.000409923 0.989712 0.143072 -0.776647 -0.0904414 0.62341 0.629936 -0.110861 0.768694
0.338055 0.930188 0.143072 -0.760754 0.180592 0.62341 0.554051 -0.31959 0.768694
0.635761 0.758511 0.143072 -0.653137 0.429851 0.62341 0.411364 -0.489786 0.768694
0.857308 0.494523 0.143072 -0.466144 0.627749 0.62341 0.218477 -0.601147 0.768694
0.530435 0.188344 0.826538 -0.847726 0.117393 0.517281 0.000397188 -0.975062 0.221933
0.562863 -0.00439713 0.826538 -0.756477 0.400202 0.517281 -0.333057 -0.916416 0.221933
0.527231 -0.197135 0.826538 -0.573386 0.635334 0.517281 -0.627102 -0.746652 0.221933
0.428035 -0.365542 0.826538 -0.321562 0.793107 0.517281 -0.844621 -0.487197 0.221933
0.277231 -0.489875 0.826538 -0.0309669 0.855255 0.517281 -0.960304 -0.169002 0.221933
0.0930009 -0.555144 0.826538 0.263361 0.814285 0.517281 -0.960204 0.169571 0.221933
-0.102442 -0.55348 0.826538 0.525936 0.675138 0.517281 -0.844332 0.487698 0.221933
-0.285533 -0.485083 0.826538 0.725099 0.454589 0.517281 -0.626659 0.747023 0.221933
-0.434198 -0.358199 0.826538 0.836837 0.17923 0.517281 -0.33343 0.91628 0.221933
-0.530511 -0.188128 0.826538 0.847678 -0.117738 0.517281 0 0.975062 0.221933
-0.562861 0.00462641 0.826538 0.756314 -0.400511 0.517281 0.33343 0.91628 0.221933
-0.527347 0.196823 0.826538 0.573762 -0.634994 0.517281 0.626659 0.747023 0.221933
-0.428251 0.365288 0.826538 0.322032 -0.792916 0.517281 0.844332 0.487698 0.221933
-0.277521 0.489711 0.826538 0.0314738 -0.855236 0.517281 0.960204 0.169571 0.221933
-0.0933299 0.555089 0.826538 -0.262879 -0.814441 0.517281 0.960304 -0.169002 0.221933
0.102114 0.55354 0.826538 -0.525536 -0.675449 0.517281 0.844621 -0.487197 0.221933
0.285246 0.485252 0.826538 -0.72483 -0.455019 0.517281 0.627102 -0.746652 0.221933
0.434344 0.358022 0.826538 -0.83691 -0.178889 0.517281 0.333057 -0.916416 0.221933
-0.824278 0.180914 0.536503 -0.566185 -0.264028 -0.780848 0.000385918 -0.947396 0.320063
-0.712722 0.451876 0.536503 -0.622339 -0.0545 -0.780848 -0.323607 -0.890414 0.320063
-0.514564 0.668871 0.536503 -0.603296 0.162203 -0.780848 -0.609309 -0.725467 0.320063
-0.254818 0.804508 0.536503 -0.51146 0.358727 -0.780848 -0.820656 -0.473374 0.320063
0.0356517 0.843145 0.536503 -0.357957 0.511999 -0.780848 -0.933057 -0.164206 0.320063
0.321823 0.780125 0.536503 -0.161295 0.603539 -0.780848 -0.93296 0.164759 0.320063
0.569192 0.623045 0.536503 0.0548134 0.622311 -0.780848 -0.820376 0.47386 0.320063
0.747934 0.390845 0.536503 0.264314 0.566051 -0.780848 -0.608879 0.725828 0.320063
0.836497 0.111521 0.536503 0.441945 0.441543 -0.780848 -0.32397 0.890283 0.320063
0.824205 -0.181249 0.536503 0.566292 0.263798 -0.780848 0 0.947396 0.320063
0.712538 -0.452166 0.536503 0.622361 0.0542464 -0.780848 0.32397 0.890283 0.320063
0.514961 -0.668566 0.536503 0.603392 -0.161845 -0.780848 0.608879 0.725828 0.320063
0.255295 -0.804356 0.536503 0.511672 -0.358423 -0.780848 0.820376 0.47386 0.320063
-0.035152 -0.843166 0.536503 0.35826 -0.511786 -0.780848 0.93296 0.164759 0.320063
-0.32136 -0.780315 0.536503 0.161653 -0.603444 -0.780848 0.933057 -0.164206 0.320063
-0.568823 -0.623382 0.536503 -0.0544446 -0.622344 -0.780848 0.820656 -0.473374 0.320063
-0.747702 -0.391288 0.536503 -0.263978 -0.566208 -0.780848 0.609309 -0.725467 0.320063
-0.836543 -0.11118 0.536503 -0.442125 -0.441363 -0.780848 0.323607 -0.890414 0.320063
-0.745875 0.0828796 -0.66091 0.666086 0.0934096 -0.740003 0.000404158 -0.992172 -0.124877
-0.672568 0.332941 -0.66091 0.657873 -0.139995 -0.740003 -0.338902 -0.932497 -0.124877
-0.517628 0.543378 -0.66091 0.569984 -0.357091 -0.740003 -0.638106 -0.759754 -0.124877
-0.30061 0.687628 -0.66091 0.413513 -0.530475 -0.740003 -0.859442 -0.495747 -0.124877
-0.0473476 0.74897 -0.66091 0.207184 -0.639899 -0.740003 -0.977156 -0.171967 -0.124877
0.211623 0.72001 -0.66091 -0.024125 -0.672171 -0.740003 -0.977054 0.172546 -0.124877
0.445079 0.604238 -0.66091 -0.252525 -0.6234 -0.740003 -0.859148 0.496256 -0.124877
0.624871 0.415613 -0.66091 -0.450478 -0.499465 -0.740003 -0.637656 0.760132 -0.124877
0.729323 0.176878 -0.66091 -0.594118 -0.31531 -0.740003 -0.339282 0.932359 -0.124877
0.745841 -0.0831835 -0.66091 -0.666124 -0.0931382 -0.740003 0 0.992172 -0.124877
0.672433 -0.333215 -0.66091 -0.657816 0.140263 -0.740003 0.339282 0.932359 -0.124877
0.51795 -0.543071 -0.66091 -0.570196 0.356753 -0.740003 0.637656 0.760132 -0.124877
0.301017 -0.687449 -0.66091 -0.413827 0.53023 -0.740003 0.859148 0.496256 -0.124877
0.0477915 -0.748942 -0.66091 -0.207563 0.639776 -0.740003 0.977054 0.172546 -0.124877
-0.211197 -0.720135 -0.66091 0.0237267 0.672185 -0.740003 0.977156 -0.171967 -0.124877
-0.444721 -0.604501 -0.66091 0.252156 0.623549 -0.740003 0.859442 -0.495747 -0.124877
-0.624625 -0.415983 -0.66091 0.450182 0.499732 -0.740003 0.638106 -0.759754 -0.124877
-0.729395 -0.176581 -0.66091 0.594246 0.315068 -0.740003 0.338902 -0.932497 -0.124877
-0.694014 0.447926 0.563655 -0.719961 -0.432129 -0.543065 0.000318832 -0.782705 0.622393
-0.499004 0.658246 0.563655 -0.824329 -0.159882 -0.543065 -0.267353 -0.735629 0.622393
-0.243039 0.789446 0.563655 -0.829175 0.132472 -0.543065 -0.503389 -0.599355 0.622393
0.0415699 0.824964 0.563655 -0.733888 0.408029 -0.543065 -0.677997 -0.391085 0.622393
0.321167 0.761016 0.563655 -0.550117 0.63439 -0.543065 -0.770859 -0.135661 0.622393
0.562041 0.605312 0.563655 -0.300018 0.784263 -0.543065 -0.770778 0.136118 0.622393
0.73515 0.376627 0.563655 -0.0137465 0.839578 -0.543065 -0.677765 0.391486 0.622393
0.819622 0.102531 0.563655 0.274183 0.793665 -0.543065 -0.503034 0.599653 0.622393
0.805273 -0.183927 0.563655 0.529054 0.65206 -0.543065 -0.267652 0.73552 0.622393
0.693832 -0.448208 0.563655 0.720137 0.431836 -0.543065 0 0.782705 0.622393
0.498736 -0.65845 0.563655 0.824394 0.159546 -0.543065 0.267652 0.73552 0.622393
0.243507 -0.789302 0.563655 0.829253 -0.13198 -0.543065 0.503034 0.599653 0.622393
-0.041081 -0.824988 0.563655 0.73413 -0.407594 -0.543065 0.677765 0.391486 0.622393
-0.320716 -0.761206 0.563655 0.550493 -0.634064 -0.543065 0.770778 0.136118 0.622393
-0.561682 -0.605645 0.563655 0.300483 -0.784085 -0.543065 0.770859 -0.135661 0.622393
-0.734927 -0.377062 0.563655 0.0142441 -0.83957 -0.543065 0.677997 -0.391085 0.622393
-0.819561 -0.103017 0.563655 -0.273712 -0.793827 -0.543065 0.503389 -0.599355 0.622393
-0.805198 0.184255 0.563655 -0.529319 -0.651844 -0.543065 0.267353 -0.735629 0.622393
0.315337 0.913436 -0.257287 0.94898 -0.303495 0.085606 0.000110454 -0.271155 -0.962536
0.608684 0.750538 -0.257287 0.787988 -0.60971 0.085606 -0.0926198 -0.254846 -0.962536
0.829139 0.496319 -0.257287 0.531146 -0.842944 0.085606 -0.174391 -0.207636 -0.962536
0.948875 0.182867 -0.257287 0.210875 -0.973757 0.085606 -0.234881 -0.135485 -0.962536
0.954205 -0.152633 -0.257287 -0.134822 -0.987165 0.085606 -0.267051 -0.0469976 -0.962536
0.844487 -0.469729 -0.257287 -0.464264 -0.88155 0.085606 -0.267023 0.0471559 -0.962536
0.632949 -0.730191 -0.257287 -0.737729 -0.669647 0.085606 -0.2348 0.135624 -0.962536
0.345097 -0.902614 -0.257287 -0.922247 -0.377005 0.085606 -0.174268 0.20774 -0.962536
0.0156367 -0.966209 -0.257287 -0.995569 -0.0389075 0.085606 -0.0927236 0.254808 -0.962536
-0.315709 -0.913308 -0.257287 -0.948856 0.303881 0.085606 0 0.271155 -0.962536
-0.60899 -0.75029 -0.257287 -0.78774 0.610031 0.085606 0.0927236 0.254808 -0.962536
-0.828845 -0.49681 -0.257287 -0.531646 0.842629 0.085606 0.174268 0.20774 -0.962536
-0.948766 -0.183429 -0.257287 -0.211452 0.973632 0.085606 0.2348 0.135624 -0.962536
-0.954295 0.152067 -0.257287 0.134237 0.987245 0.085606 0.267023 0.0471559 -0.962536
-0.844765 0.469229 -0.257287 0.463741 0.881825 0.085606 0.267051 -0.0469976 -0.962536
-0.633382 0.729816 -0.257287 0.737332 0.670084 0.085606 0.234881 -0.135485 -0.962536
-0.345632 0.902409 -0.257287 0.922023 0.377552 0.085606 0.174391 -0.207636 -0.962536
-0.0152432 0.966215 -0.257287 0.995585 0.038502 0.085606 0.0926198 -0.254846 -0.962536
0.0893697 -0.697754 0.710741 -0.995998 -0.0628168 0.0635694 0.000290674 -0.713578 -0.700575
-0.154621 -0.68625 0.710741 -0.957436 0.28156 0.0635694 -0.243741 -0.67066 -0.700575
-0.38056 -0.591626 0.710741 -0.802843 0.592792 0.0635694 -0.458931 -0.546421 -0.700575
-0.559929 -0.425824 0.710741 -0.551733 0.831595 0.0635694 -0.618118 -0.356545 -0.700575
-0.671788 -0.208681 0.710741 -0.234101 0.970132 0.0635694 -0.702778 -0.12368 -0.700575
-0.70265 0.033623 0.710741 0.111756 0.9917 0.0635694 -0.702705 0.124097 -0.700575
-0.648793 0.271873 0.710741 0.444139 0.8937 0.0635694 -0.617906 0.356911 -0.700575
-0.516711 0.477343 0.710741 0.722972 0.687946 0.0635694 -0.458607 0.546693 -0.700575
-0.32233 0.62526 0.710741 0.914637 0.399247 0.0635694 -0.244014 0.67056 -0.700575
-0.0890854 0.69779 0.710741 0.996024 0.0624111 0.0635694 0 0.713578 -0.700575
0.1549 0.686187 0.710741 0.957321 -0.28195 0.0635694 0.244014 0.67056 -0.700575
0.380209 0.591851 0.710741 0.803194 -0.592316 0.0635694 0.458607 0.546693 -0.700575
0.559677 0.426156 0.710741 0.552226 -0.831267 0.0635694 0.617906 0.356911 -0.700575
0.671664 0.209079 0.710741 0.234676 -0.969993 0.0635694 0.702705 0.124097 -0.700575
0.702669 -0.0332066 0.710741 -0.111168 -0.991766 0.0635694 0.702778 -0.12368 -0.700575
0.648954 -0.271488 0.710741 -0.443609 -0.893963 0.0635694 0.618118 -0.356545 -0.700575
0.516994 -0.477037 0.710741 -0.722564 -0.688375 0.0635694 0.458931 -0.546421 -0.700575
0.322075 -0.625392 0.710741 -0.914799 -0.398875 0.0635694 0.243741 -0.67066 -0.700575
0.0579293 0.592837 0.803237 -0.998321 0.0341362 0.0468042 0.000327751 -0.804599 0.593818
0.257162 0.537288 0.803237 -0.926464 0.373462 0.0468042 -0.274831 -0.756206 0.593818
0.425806 0.416533 0.803237 -0.742235 0.668503 0.0468042 -0.51747 -0.61612 0.593818
0.542574 0.245815 0.803237 -0.46889 0.882016 0.0468042 -0.696962 -0.402024 0.593818
0.593923 0.0454583 0.803237 -0.13901 0.989184 0.0468042 -0.792421 -0.139456 0.593818
0.573663 -0.160379 0.803237 0.20763 0.977087 0.0468042 -0.792339 0.139926 0.593818
0.484237 -0.34688 0.803237 0.529236 0.847183 0.0468042 -0.696724 0.402437 0.593818
0.336427 -0.491557 0.803237 0.787032 0.615134 0.0468042 -0.517105 0.616427 0.593818
0.148053 -0.576967 0.803237 0.949936 0.308919 0.0468042 -0.275139 0.756094 0.593818
-0.0581708 -0.592813 0.803237 0.998307 -0.0345429 0.0468042 0 0.804599 0.593818
-0.257381 -0.537183 0.803237 0.926312 -0.37384 0.0468042 0.275139 0.756094 0.593818
-0.425559 -0.416786 0.803237 0.742631 -0.668063 0.0468042 0.517105 0.616427 0.593818
-0.542428 -0.246136 0.803237 0.469412 -0.881738 0.0468042 0.696724 0.402437 0.593818
-0.593896 -0.0458102 0.803237 0.139597 -0.989102 0.0468042 0.792339 0.139926 0.593818
-0.573758 0.160039 0.803237 -0.207051 -0.97721 0.0468042 0.792421 -0.139456 0.593818
-0.484443 0.346592 0.803237 -0.528734 -0.847496 0.0468042 0.696962 -0.402024 0.593818
-0.336718 0.491357 0.803237 -0.786667 -0.6156 0.0468042 0.51747 -0.61612 0.593818
-0.147818 0.577027 0.803237 -0.950062 -0.308532 0.0468042 0.274831 -0.756206 0.593818
0.98603 -0.0994562 -0.133618 0.166569 0.590316 0.789799 0.000326293 -0.801022 0.598635
0.892577 -0.430642 -0.133618 0.358391 0.497769 0.789799 -0.273609 -0.752844 0.598635
0.690797 -0.710596 -0.133618 0.507346 0.344699 0.789799 -0.51517 -0.613381 0.598635
0.406158 -0.903981 -0.133618 0.594634 0.150428 0.789799 -0.693863 -0.400237 0.598635
0.072549 -0.988374 -0.133618 0.610226 -0.0619805 0.789799 -0.788898 -0.138836 0.598635
-0.269807 -0.953599 -0.133618 0.552244 -0.266916 0.789799 -0.788816 0.139304 0.598635
-0.579633 -0.803848 -0.133618 0.427678 -0.439669 0.789799 -0.693626 0.400648 0.598635
-0.819572 -0.557178 -0.133618 0.251547 -0.559412 0.789799 -0.514806 0.613686 0.598635
-0.960696 -0.243329 -0.133618 0.045087 -0.611707 0.789799 -0.273916 0.752732 0.598635
-0.985989 0.0998579 -0.133618 -0.166809 -0.590248 0.789799 0 0.801022 0.598635
-0.892402 0.431005 -0.133618 -0.358593 -0.497623 0.789799 0.273916 0.752732 0.598635
-0.691218 0.710186 -0.133618 -0.507142 -0.345 0.789799 0.514806 0.613686 0.598635
-0.406694 0.90374 -0.133618 -0.594545 -0.15078 0.789799 0.693626 0.400648 0.598635
-0.0731347 0.988331 -0.133618 -0.610263 0.0616188 0.789799 0.788816 0.139304 0.598635
0.269242 0.953758 -0.133618 -0.552402 0.266589 0.789799 0.788898 -0.138836 0.598635
0.579156 0.804192 -0.133618 -0.427939 0.439416 0.789799 0.693863 -0.400237 0.598635
0.819242 0.557664 -0.133618 -0.251879 0.559263 0.789799 0.51517 -0.613381 0.598635
0.960795 0.242938 -0.133618 -0.0448378 0.611725 0.789799 0.273609 -0.752844 0.598635
0.544295 -0.709354 -0.447839 0.838894 0.460384 0.29035 0.000217411 -0.533726 0.845658
0.268912 -0.852717 -0.447839 0.945754 0.145763 0.29035 -0.182308 -0.501624 0.845658
-0.0397857 -0.893228 -0.447839 0.938397 -0.187371 0.29035 -0.343261 -0.408699 0.845658
-0.342834 -0.825775 -0.447839 0.817753 -0.496968 0.29035 -0.462325 -0.26668 0.845658
-0.604547 -0.658759 -0.447839 0.598513 -0.746646 0.29035 -0.525648 -0.0925074 0.845658
-0.79337 -0.412316 -0.447839 0.30711 -0.9063 0.29035 -0.525593 0.0928189 0.845658
-0.886536 -0.11616 -0.447839 -0.0213211 -0.956683 0.29035 -0.462167 0.266954 0.845658
-0.872814 0.194001 -0.447839 -0.347181 -0.891719 0.29035 -0.343018 0.408903 0.845658
-0.753856 0.480772 -0.447839 -0.631182 -0.71924 0.29035 -0.182512 0.50155 0.845658
-0.544006 0.709576 -0.447839 -0.839082 -0.460043 0.29035 0 0.533726 0.845658
-0.268565 0.852826 -0.447839 -0.945813 -0.145378 0.29035 0.182512 0.50155 0.845658
0.0392563 0.893252 -0.447839 -0.938508 0.186815 0.29035 0.343018 0.408903 0.845658
0.342345 0.825978 -0.447839 -0.818047 0.496483 0.29035 0.462167 0.266954 0.845658
0.604157 0.659117 -0.447839 -0.598955 0.746291 0.29035 0.525593 0.0928189 0.845658
0.793125 0.412786 -0.447839 -0.307647 0.906118 0.29035 0.525648 -0.0925074 0.845658
0.886467 0.116685 -0.447839 0.0207542 0.956696 0.29035 0.462325 -0.26668 0.845658
0.872928 -0.193484 -0.447839 0.346653 0.891924 0.29035 0.343261 -0.408699 0.845658
0.75366 -0.481079 -0.447839 0.631475 0.718983 0.29035 0.182308 -0.501624 0.845658
-0.957557 -0.276968 -0.0798306 0.288243 -0.919992 -0.265578 0.000112964 -0.277317 0.960779
-0.994542 0.067174 -0.0798306 -0.0437325 -0.963097 -0.265578 -0.0947245 -0.260637 0.960779
-0.911212 0.404128 -0.0798306 -0.371325 -0.889711 -0.265578 -0.178354 -0.212355 0.960779
-0.718085 0.691362 -0.0798306 -0.653184 -0.709098 -0.265578 -0.240218 -0.138563 0.960779
-0.438379 0.895238 -0.0798306 -0.856288 -0.442988 -0.265578 -0.273119 -0.0480656 0.960779
-0.105817 0.991176 -0.0798306 -0.956151 -0.123468 -0.265578 -0.273091 0.0482275 0.960779
0.239503 0.967608 -0.0798306 -0.94073 0.210939 -0.265578 -0.240136 0.138706 0.960779
0.555946 0.827376 -0.0798306 -0.811886 0.519913 -0.265578 -0.178228 0.21246 0.960779
0.805359 0.587387 -0.0798306 -0.585153 0.766201 -0.265578 -0.0948307 0.260599 0.960779
0.95767 0.276578 -0.0798306 -0.287868 0.920109 -0.265578 0 0.277317 0.960779
0.994515 -0.0675791 -0.0798306 0.0441248 0.963079 -0.265578 0.0948307 0.260599 0.960779
0.911452 -0.403588 -0.0798306 0.370798 0.889931 -0.265578 0.178228 0.21246 0.960779
0.718495 -0.690936 -0.0798306 0.652763 0.709485 -0.265578 0.240136 0.138706 0.960779
0.438909 -0.894978 -0.0798306 0.856026 0.443496 -0.265578 0.273091 0.0482275 0.960779
0.106404 -0.991113 -0.0798306 0.956077 0.124034 -0.265578 0.273119 -0.0480656 0.960779
-0.23893 -0.96775 -0.0798306 0.940855 -0.210382 -0.265578 0.240218 -0.138563 0.960779
-0.555456 -0.827705 -0.0798306 0.812194 -0.519432 -0.265578 0.178354 -0.212355 0.960779
-0.805598 -0.587059 -0.0798306 0.584841 -0.76644 -0.265578 0.0947245 -0.260637 0.960779
0.743248 0.479042 0.467013 -0.669016 0.531898 0.519136 0.000284444 -0.698286 0.715819
0.862254 0.196003 0.467013 -0.446798 0.728608 0.519136 -0.238517 -0.656287 0.715819
0.877187 -0.111545 0.467013 -0.169871 0.837641 0.519136 -0.449096 -0.534711 0.715819
0.786162 -0.404781 0.467013 0.126808 0.845233 0.519136 -0.604871 -0.348904 0.715819
0.60035 -0.649214 0.467013 0.408197 0.750915 0.519136 -0.687717 -0.12103 0.715819
0.342154 -0.815371 0.467013 0.640371 0.56606 0.519136 -0.687645 0.121437 0.715819
0.0427045 -0.883219 0.467013 0.795335 0.312955 0.519136 -0.604664 0.349262 0.715819
-0.261894 -0.844577 0.467013 0.854406 0.0221171 0.519136 -0.448779 0.534977 0.715819
-0.534916 -0.704105 0.467013 0.810461 -0.271387 0.519136 -0.238785 0.65619 0.715819
-0.743443 -0.478739 0.467013 0.668799 -0.532171 0.519136 0 0.698286 0.715819
-0.862333 -0.195652 0.467013 0.446501 -0.72879 0.519136 0.238785 0.65619 0.715819
-0.877253 0.111025 0.467013 0.170368 -0.83754 0.519136 0.448779 0.534977 0.715819
-0.786402 0.404315 0.467013 -0.126307 -0.845308 0.519136 0.604664 0.349262 0.715819
-0.600735 0.648858 0.467013 -0.407752 -0.751157 0.519136 0.687645 0.121437 0.715819
-0.342637 0.815168 0.467013 -0.640035 -0.566439 0.519136 0.687717 -0.12103 0.715819
-0.0432279 0.883193 0.467013 -0.795149 -0.313426 0.519136 0.604871 -0.348904 0.715819
0.261393 0.844732 0.467013 -0.854392 -0.0226234 0.519136 0.449096 -0.534711 0.715819
0.535202 0.703887 0.467013 -0.81035 0.271717 0.519136 0.238517 -0.656287 0.715819
-0.553788 0.225733 0.801476 -0.832658 -0.150585 -0.532922 0.000392063 -0.96248 0.271351
-0.443212 0.401498 0.801476 -0.833955 0.143227 -0.532922 -0.32876 -0.904591 0.271351
-0.278668 0.529132 0.801476 -0.734282 0.420505 -0.532922 -0.61901 -0.737018 0.271351
-0.0809277 0.592526 0.801476 -0.546221 0.646249 -0.532922 -0.833723 -0.480911 0.271351
0.12657 0.58448 0.801476 -0.292302 0.794074 -0.532922 -0.947913 -0.166821 0.271351
0.318808 0.505963 0.801476 -0.00314039 0.846159 -0.532922 -0.947814 0.167383 0.271351
0.472607 0.366442 0.801476 0.2864 0.796222 -0.532922 -0.833437 0.481405 0.271351
0.569424 0.182739 0.801476 0.541409 0.650285 -0.532922 -0.618573 0.737384 0.271351
0.597585 -0.0229961 0.801476 0.731141 0.425943 -0.532922 -0.329128 0.904457 0.271351
0.553696 -0.225959 0.801476 0.832719 0.150246 -0.532922 0 0.96248 0.271351
0.443048 -0.401678 0.801476 0.833896 -0.143567 -0.532922 0.329128 0.904457 0.271351
0.278982 -0.528967 0.801476 0.734531 -0.42007 -0.532922 0.618573 0.737384 0.271351
0.0812789 -0.592478 0.801476 0.546604 -0.645925 -0.532922 0.833437 0.481405 0.271351
-0.126224 -0.584555 0.801476 0.292773 -0.793901 -0.532922 0.947814 0.167383 0.271351
-0.318508 -0.506152 0.801476 0.00364187 -0.846157 -0.532922 0.947913 -0.166821 0.271351
-0.472389 -0.366722 0.801476 -0.285928 -0.796392 -0.532922 0.833723 -0.480911 0.271351
-0.569315 -0.183077 0.801476 -0.541024 -0.650606 -0.532922 0.61901 -0.737018 0.271351
-0.597576 0.0232396 0.801476 -0.731314 -0.425646 -0.532922 0.32876 -0.904591 0.271351
0.973953 0.0809036 -0.211824 0.226748 -0.345936 0.910447 0.000380773 -0.934763 -0.355271
0.942904 -0.257025 -0.211824 0.0947826 -0.40262 0.910447 -0.319292 -0.878542 -0.355271
0.797605 -0.564762 -0.211824 -0.0490213 -0.410711 0.910447 -0.601184 -0.715793 -0.355271
0.556397 -0.803463 -0.211824 -0.186512 -0.369188 0.910447 -0.809713 -0.467062 -0.355271
0.248103 -0.945291 -0.211824 -0.301515 -0.283152 0.910447 -0.920616 -0.162017 -0.355271
-0.0901035 -0.973145 -0.211824 -0.380165 -0.162977 0.910447 -0.92052 0.162562 -0.355271
-0.417447 -0.883668 -0.211824 -0.412978 -0.0231514 0.910447 -0.809437 0.467542 -0.355271
-0.694459 -0.687647 -0.211824 -0.395998 0.119465 0.910447 -0.60076 0.716149 -0.355271
-0.88774 -0.408716 -0.211824 -0.331273 0.247678 0.910447 -0.31965 0.878411 -0.355271
-0.973986 -0.0805068 -0.211824 -0.226607 0.346029 0.910447 0 0.934763 -0.355271
-0.9428 0.257409 -0.211824 -0.0946186 0.402659 0.910447 0.31965 0.878411 -0.355271
-0.79794 0.564289 -0.211824 0.0487779 0.41074 0.910447 0.60076 0.716149 -0.355271
-0.556873 0.803133 -0.211824 0.186293 0.369299 0.910447 0.809437 0.467542 -0.355271
-0.248664 0.945144 -0.211824 0.301347 0.283331 0.910447 0.92052 0.162562 -0.355271
0.0895268 0.973199 -0.211824 0.380068 0.163202 0.910447 0.920616 -0.162017 -0.355271
0.416923 0.883915 -0.211824 0.412964 0.0233962 0.910447 0.809713 -0.467062 -0.355271
0.694051 0.688058 -0.211824 0.396069 -0.119231 0.910447 0.601184 -0.715793 -0.355271
0.887906 0.408354 -0.211824 0.331173 -0.247813 0.910447 0.319292 -0.878542 -0.355271
-0.936967 0.0425649 -0.346816 0.349418 0.115286 -0.929847 0.000404259 -0.99242 -0.122892
-0.865927 0.360402 -0.346816 0.367776 -0.0111502 -0.929847 -0.338986 -0.93273 -0.122892
-0.689847 0.635476 -0.346816 0.341656 -0.136584 -0.929847 -0.638266 -0.759944 -0.122892
-0.430953 0.833066 -0.346816 0.274353 -0.245182 -0.929847 -0.859657 -0.49587 -0.122892
-0.120099 0.930212 -0.346816 0.173972 -0.324219 -0.929847 -0.9774 -0.17201 -0.122892
0.205235 0.915203 -0.346816 0.0526146 -0.364164 -0.929847 -0.977298 0.172589 -0.122892
0.505824 0.789849 -0.346816 -0.0750862 -0.360203 -0.929847 -0.859363 0.49638 -0.122892
0.745425 0.569262 -0.346816 -0.193734 -0.312812 -0.929847 -0.637815 0.760322 -0.122892
0.895151 0.28004 -0.346816 -0.289023 -0.227705 -0.929847 -0.339366 0.932592 -0.122892
0.936949 -0.0429465 -0.346816 -0.349465 -0.115144 -0.929847 0 0.99242 -0.122892
0.86578 -0.360755 -0.346816 -0.367772 0.0113001 -0.929847 0.339366 0.932592 -0.122892
0.690223 -0.635068 -0.346816 -0.341737 0.136381 -0.929847 0.637815 0.760322 -0.122892
0.431446 -0.83281 -0.346816 -0.274498 0.245019 -0.929847 0.859363 0.49638 -0.122892
0.12065 -0.930141 -0.346816 -0.174164 0.324115 -0.929847 0.977298 0.172589 -0.122892
-0.204692 -0.915325 -0.346816 -0.0528304 0.364133 -0.929847 0.9774 -0.17201 -0.122892
-0.505355 -0.790148 -0.346816 0.0748727 0.360247 -0.929847 0.859657 -0.49587 -0.122892
-0.745088 -0.569704 -0.346816 0.193548 0.312926 -0.929847 0.638266 -0.759944 -0.122892
-0.895265 -0.279675 -0.346816 0.289116 0.227587 -0.929847 0.338986 -0.93273 -0.122892
-0.998838 -0.0258451 -0.0406833 0.0481973 -0.529536 -0.846917 0.000345387 -0.847894 0.530166
-0.947461 0.317274 -0.0406833 -0.135787 -0.514094 -0.846917 -0.28962 -0.796897 0.530166
-0.781226 0.622921 -0.0406833 -0.303837 -0.436365 -0.846917 -0.545315 -0.649273 0.530166
-0.521117 0.852515 -0.0406833 -0.434739 -0.306159 -0.846917 -0.734465 -0.423657 0.530166
-0.198177 0.979321 -0.0406833 -0.513224 -0.13904 -0.846917 -0.835061 -0.14696 0.530166
0.148657 0.988052 -0.0406833 -0.52983 0.0448433 -0.846917 -0.834974 0.147455 0.530166
0.477567 0.877653 -0.0406833 -0.482555 0.22332 -0.846917 -0.734214 0.424092 0.530166
0.748898 0.661435 -0.0406833 -0.377098 0.374871 -0.846917 -0.54493 0.649596 0.530166
0.929934 0.365469 -0.0406833 -0.226175 0.481223 -0.846917 -0.289944 0.796779 0.530166
0.998848 0.0254382 -0.0406833 -0.0479816 0.529555 -0.846917 0 0.847894 0.530166
0.947332 -0.31766 -0.0406833 0.135997 0.514039 -0.846917 0.289944 0.796779 0.530166
0.781595 -0.622458 -0.0406833 0.303578 0.436545 -0.846917 0.54493 0.649596 0.530166
0.521623 -0.852206 -0.0406833 0.434557 0.306417 -0.846917 0.734214 0.424092 0.530166
0.198758 -0.979204 -0.0406833 0.513142 0.139344 -0.846917 0.834974 0.147455 0.530166
-0.148071 -0.98814 -0.0406833 0.529857 -0.0445292 -0.846917 0.835061 -0.14696 0.530166
-0.477047 -0.877936 -0.0406833 0.482687 -0.223034 -0.846917 0.734465 -0.423657 0.530166
-0.748506 -0.661879 -0.0406833 0.37732 -0.374647 -0.846917 0.545315 -0.649273 0.530166
-0.930083 -0.36509 -0.0406833 0.225979 -0.481316 -0.846917 0.28962 -0.796897 0.530166
0.947893 -0.27446 -0.161776 0.31859 0.816922 0.480769 0.00020663 -0.507258 0.861794
0.796895 -0.582054 -0.161776 0.578737 0.658729 0.480769 -0.173267 -0.476749 0.861794
0.548997 -0.820019 -0.161776 0.769527 0.420345 0.480769 -0.326238 -0.388432 0.861794
0.235488 -0.958318 -0.161776 0.866876 0.131858 0.480769 -0.439398 -0.253455 0.861794
-0.106413 -0.981073 -0.161776 0.859707 -0.172526 0.480769 -0.499581 -0.0879199 0.861794
-0.435484 -0.885541 -0.161776 0.748883 -0.456109 0.480769 -0.499528 0.088216 0.861794
-0.712049 -0.683239 -0.161776 0.547766 -0.684699 0.480769 -0.439248 0.253716 0.861794
-0.902762 -0.398559 -0.161776 0.280605 -0.830736 0.480769 -0.326008 0.388625 0.861794
-0.98463 -0.0658247 -0.161776 -0.0203878 -0.87661 0.480769 -0.173461 0.476678 0.861794
-0.947781 0.274846 -0.161776 -0.318923 -0.816792 0.480769 0 0.507258 0.861794
-0.796658 0.582378 -0.161776 -0.579005 -0.658494 0.480769 0.173461 0.476678 0.861794
-0.549483 0.819693 -0.161776 -0.769277 -0.420801 0.480769 0.326008 0.388625 0.861794
-0.236056 0.958178 -0.161776 -0.866798 -0.132372 0.480769 0.439248 0.253716 0.861794
0.105831 0.981136 -0.161776 -0.859809 0.172017 0.480769 0.499528 0.088216 0.861794
0.434959 0.885799 -0.161776 -0.749153 0.455665 0.480769 0.499581 -0.0879199 0.861794
0.711644 0.683661 -0.161776 -0.548172 0.684375 0.480769 0.439398 -0.253455 0.861794
0.902526 0.399094 -0.161776 -0.281098 0.830569 0.480769 0.326238 -0.388432 0.861794
0.984656 0.0654236 -0.161776 0.0207448 0.876602 0.480769 0.173267 -0.476749 0.861794
0.834066 -0.317701 0.450998 -0.551664 -0.480829 0.68152 0.000332897 -0.817233 -0.576308
0.675144 -0.583765 0.450998 -0.68283 -0.263196 0.68152 -0.279147 -0.76808 -0.576308
0.43404 -0.779878 0.450998 -0.731682 -0.0130985 0.68152 -0.525596 -0.625794 -0.576308
0.141189 -0.881287 0.450998 -0.692052 0.237896 0.68152 -0.707906 -0.408337 -0.576308
-0.168686 -0.876439 0.450998 -0.568981 0.460207 0.68152 -0.804864 -0.141646 -0.576308
-0.458223 -0.76592 0.450998 -0.377308 0.627031 0.68152 -0.80478 0.142123 -0.576308
-0.692511 -0.563053 0.450998 -0.140144 0.718254 0.68152 -0.707663 0.408756 -0.576308
-0.843304 -0.2923 0.450998 0.113918 0.722878 0.68152 -0.525225 0.626106 -0.576308
-0.89242 0.0136964 0.450998 0.354244 0.640344 0.68152 -0.279459 0.767966 -0.576308
-0.833937 0.318041 0.450998 0.55186 0.480604 0.68152 0 0.817233 -0.576308
-0.674906 0.58404 0.450998 0.682938 0.262918 0.68152 0.279459 0.767966 -0.576308
-0.434503 0.779621 0.450998 0.731674 0.0135322 0.68152 0.525225 0.626106 -0.576308
-0.141711 0.881203 0.450998 0.692192 -0.237486 0.68152 0.707663 0.408756 -0.576308
0.168167 0.876539 0.450998 0.569254 -0.45987 0.68152 0.80478 0.142123 -0.576308
0.457769 0.766191 0.450998 0.37768 -0.626808 0.68152 0.804864 -0.141646 -0.576308
0.692178 0.563464 0.450998 0.14057 -0.718171 0.68152 0.707906 -0.408337 -0.576308
0.843131 0.292799 0.450998 -0.113489 -0.722945 0.68152 0.525596 -0.625794 -0.576308
0.892414 -0.01406 0.450998 -0.354505 -0.6402 0.68152 0.279147 -0.76808 -0.576308
0.379483 -0.0776596 0.921933 -0.925198 -0.0322904 0.378107 0.000405903 -0.996457 -0.0841042
0.33005 -0.202745 0.921933 -0.880465 0.286036 0.378107 -0.340365 -0.936524 -0.0841042
0.240519 -0.303627 0.921933 -0.729004 0.570603 0.378107 -0.640862 -0.763035 -0.0841042
0.122192 -0.36757 0.921933 -0.489933 0.785494 0.378107 -0.863154 -0.497887 -0.0841042
